4 0.7668067226890756 0.14309210526315788 0.026260504201680673 0.0756578947368421
1 0.6152836134453781 0.3355263157894737 0.013130252100840336 0.046052631578947366
1 0.6601890756302521 0.5592105263157895 0.011554621848739495 0.029605263157894735
1 0.6449579831932772 0.5427631578947368 0.01365546218487395 0.03618421052631579
1 0.6515231092436975 0.4671052631578947 0.008928571428571428 0.02631578947368421
1 0.3332457983193277 0.5386513157894737 0.013130252100840336 0.041118421052631575
1 0.11423319327731092 0.5526315789473684 0.019432773109243698 0.05263157894736842
2 0.15021008403361344 0.6036184210526315 0.018907563025210083 0.07236842105263158
2 0.6966911764705882 0.6348684210526315 0.022584033613445378 0.05263157894736842
2 0.5149684873949579 0.5205592105263157 0.02153361344537815 0.05098684210526316
1 0.16622899159663865 0.8486842105263157 0.009978991596638655 0.02631578947368421
3 0.2654936974789916 0.6661184210526315 0.025735294117647058 0.06578947368421052
3 0.28755252100840334 0.6809210526315789 0.026785714285714284 0.0756578947368421