1 0.8557692307692307 0.6826923076923077 0.20673076923076922 0.27403846153846156
1 0.7680288461538461 0.3425480769230769 0.18269230769230768 0.27884615384615385
1 0.23317307692307693 0.6310096153846154 0.15865384615384615 0.23557692307692307
1 0.5288461538461539 0.8858173076923077 0.16346153846153846 0.22355769230769232
1 0.8341346153846154 0.9170673076923077 0.17307692307692307 0.16346153846153846
1 0.0625 0.30528846153846156 0.1201923076923077 0.23557692307692307
1 0.3112980769230769 0.4182692307692308 0.17067307692307693 0.23076923076923078
1 0.21634615384615385 0.24879807692307693 0.19230769230769232 0.22115384615384615
1 0.40625 0.23076923076923078 0.19230769230769232 0.22115384615384615
1 0.9338942307692307 0.30649038461538464 0.12980769230769232 0.2283653846153846
1 0.7055288461538461 0.8209134615384616 0.16346153846153846 0.22596153846153846
1 0.20673076923076922 0.10817307692307693 0.15625 0.16826923076923078
1 0.08653846153846154 0.8954326923076923 0.17307692307692307 0.20432692307692307
1 0.36899038461538464 0.6959134615384616 0.1201923076923077 0.3004807692307692
1 0.6237980769230769 0.14423076923076922 0.17307692307692307 0.23317307692307693
1 0.07692307692307693 0.5564903846153846 0.14903846153846154 0.23798076923076922
1 0.9302884615384616 0.08052884615384616 0.1346153846153846 0.15625
0 0.7367788461538461 0.052884615384615384 0.09615384615384616 0.10336538461538461
0 0.49038461538461536 0.13701923076923078 0.057692307692307696 0.052884615384615384
2 0.5528846153846154 0.5096153846153846 0.40865384615384615 0.49038461538461536