1 0.051682692307692304 0.6646634615384616 0.10336538461538461 0.23317307692307693
1 0.39302884615384615 0.13822115384615385 0.1875 0.24278846153846154
1 0.2956730769230769 0.7451923076923077 0.16346153846153846 0.24519230769230768
1 0.15985576923076922 0.9387019230769231 0.13942307692307693 0.1201923076923077
1 0.9170673076923077 0.14302884615384615 0.16346153846153846 0.23076923076923078
1 0.703125 0.28365384615384615 0.14903846153846154 0.19230769230769232
1 0.4543269230769231 0.6057692307692307 0.1875 0.22115384615384615
1 0.4891826923076923 0.7560096153846154 0.1875 0.22115384615384615
1 0.1814903846153846 0.5192307692307693 0.1778846153846154 0.25
1 0.29927884615384615 0.47115384615384615 0.1778846153846154 0.25
1 0.28846153846153844 0.12379807692307693 0.17548076923076922 0.24278846153846154
1 0.5853365384615384 0.8725961538461539 0.16346153846153846 0.15384615384615385
1 0.051682692307692304 0.3449519230769231 0.10336538461538461 0.1971153846153846
2 0.7860576923076923 0.7043269230769231 0.39903846153846156 0.5048076923076923