1 0.21754807692307693 0.9158653846153846 0.2644230769230769 0.1658653846153846
1 0.9002403846153846 0.7824519230769231 0.19471153846153846 0.17307692307692307
1 0.19951923076923078 0.38100961538461536 0.2692307692307692 0.17307692307692307
1 0.09014423076923077 0.2644230769230769 0.1778846153846154 0.20192307692307693
1 0.08052884615384616 0.08774038461538461 0.16105769230769232 0.17307692307692307
1 0.08653846153846154 0.6045673076923077 0.17307692307692307 0.19471153846153846
1 0.6394230769230769 0.17067307692307693 0.22115384615384615 0.17307692307692307
1 0.9110576923076923 0.22596153846153846 0.17307692307692307 0.15865384615384615
0 0.7908653846153846 0.9026442307692307 0.09134615384615384 0.08413461538461539
0 0.6802884615384616 0.359375 0.08173076923076923 0.055288461538461536
2 0.3786057692307692 0.5757211538461539 0.4807692307692308 0.375
1 0.9002403846153846 0.5552884615384616 0.19471153846153846 0.18509615384615385
1 0.9254807692307693 0.9230769230769231 0.14423076923076922 0.14903846153846154