2 0.36658653846153844 0.07451923076923077 0.2403846153846154 0.14903846153846154
0 0.890625 0.5228365384615384 0.08653846153846154 0.0985576923076923
1 0.3269230769230769 0.3918269230769231 0.22596153846153846 0.25961538461538464
1 0.5048076923076923 0.3473557692307692 0.19230769230769232 0.23557692307692307
1 0.5108173076923077 0.12139423076923077 0.19230769230769232 0.23557692307692307
1 0.6850961538461539 0.71875 0.19230769230769232 0.23557692307692307
1 0.8149038461538461 0.7608173076923077 0.19230769230769232 0.23557692307692307
1 0.6586538461538461 0.9086538461538461 0.1778846153846154 0.1778846153846154
1 0.5625 0.9375 0.1658653846153846 0.1201923076923077
1 0.9122596153846154 0.9387019230769231 0.17067307692307693 0.12259615384615384
1 0.0673076923076923 0.24519230769230768 0.13221153846153846 0.20673076923076922
1 0.12980769230769232 0.28725961538461536 0.14903846153846154 0.20673076923076922
1 0.15745192307692307 0.42908653846153844 0.14903846153846154 0.20673076923076922
1 0.09615384615384616 0.4675480769230769 0.14903846153846154 0.20673076923076922
1 0.06971153846153846 0.5132211538461539 0.1346153846153846 0.20673076923076922
1 0.057692307692307696 0.5889423076923077 0.11298076923076923 0.22355769230769232
1 0.0985576923076923 0.9170673076923077 0.19230769230769232 0.16346153846153846
1 0.7427884615384616 0.10576923076923077 0.18269230769230768 0.21153846153846154
1 0.9326923076923077 0.24639423076923078 0.12980769230769232 0.24278846153846154
1 0.9098557692307693 0.07451923076923077 0.17548076923076922 0.14903846153846154
1 0.5552884615384616 0.6899038461538461 0.19230769230769232 0.22355769230769232
1 0.37740384615384615 0.7043269230769231 0.12980769230769232 0.1971153846153846
1 0.38461538461538464 0.8233173076923077 0.12980769230769232 0.1971153846153846
1 0.4675480769230769 0.9038461538461539 0.18269230769230768 0.1875