1 0.6875 0.2668269230769231 0.20192307692307693 0.2764423076923077
1 0.7632211538461539 0.6622596153846154 0.1971153846153846 0.21153846153846154
1 0.2403846153846154 0.46153846153846156 0.18269230769230768 0.20192307692307693
1 0.5456730769230769 0.49759615384615385 0.16826923076923078 0.18990384615384615
1 0.6189903846153846 0.0733173076923077 0.20432692307692307 0.14423076923076922
1 0.21875 0.21995192307692307 0.16105769230769232 0.21153846153846154
1 0.9206730769230769 0.15144230769230768 0.15384615384615385 0.22355769230769232
1 0.8413461538461539 0.3329326923076923 0.15625 0.25721153846153844
1 0.9086538461538461 0.9290865384615384 0.1466346153846154 0.13701923076923078
1 0.3425480769230769 0.10576923076923077 0.13942307692307693 0.21153846153846154
0 0.17548076923076922 0.8954326923076923 0.07932692307692307 0.09134615384615384
2 0.5288461538461539 0.7776442307692307 0.39903846153846156 0.4423076923076923