2 0.5300480769230769 0.32211538461538464 0.4495192307692308 0.3076923076923077
1 0.5 0.6418269230769231 0.16346153846153846 0.13942307692307693
1 0.5721153846153846 0.7235576923076923 0.16346153846153846 0.13942307692307693
1 0.6899038461538461 0.7920673076923077 0.16346153846153846 0.14182692307692307
1 0.6033653846153846 0.796875 0.20673076923076922 0.14182692307692307
1 0.5817307692307693 0.8509615384615384 0.16346153846153846 0.11298076923076923
1 0.40865384615384615 0.8329326923076923 0.20432692307692307 0.16826923076923078
1 0.26322115384615385 0.0985576923076923 0.23798076923076922 0.16346153846153846
1 0.8798076923076923 0.4170673076923077 0.22115384615384615 0.1466346153846154
1 0.7956730769230769 0.609375 0.22115384615384615 0.1466346153846154
1 0.7379807692307693 0.5889423076923077 0.22355769230769232 0.18509615384615385
1 0.7427884615384616 0.47836538461538464 0.19230769230769232 0.14903846153846154
1 0.28365384615384615 0.7091346153846154 0.21634615384615385 0.14903846153846154
1 0.18629807692307693 0.38461538461538464 0.21634615384615385 0.14903846153846154
1 0.11177884615384616 0.23076923076923078 0.22115384615384615 0.20192307692307693
1 0.8774038461538461 0.24639423076923078 0.2403846153846154 0.17548076923076922
0 0.6382211538461539 0.15865384615384615 0.09134615384615384 0.057692307692307696
1 0.0625 0.4831730769230769 0.1201923076923077 0.1466346153846154
1 0.734375 0.0733173076923077 0.22115384615384615 0.14423076923076922