1 0.8617788461538461 0.8185096153846154 0.20192307692307693 0.18509615384615385
1 0.6334134615384616 0.7427884615384616 0.2091346153846154 0.1778846153846154
1 0.036057692307692304 0.8137019230769231 0.0673076923076923 0.2403846153846154
1 0.14182692307692307 0.5072115384615384 0.2692307692307692 0.17548076923076922
1 0.5877403846153846 0.5444711538461539 0.21153846153846154 0.1875
1 0.40625 0.9314903846153846 0.27403846153846156 0.1346153846153846
1 0.28846153846153844 0.8737980769230769 0.22115384615384615 0.2091346153846154
1 0.4963942307692308 0.26322115384615385 0.1778846153846154 0.14182692307692307
1 0.41947115384615385 0.07932692307692307 0.1875 0.15865384615384615
1 0.1201923076923077 0.13701923076923078 0.23557692307692307 0.20192307692307693
2 0.7487980769230769 0.3076923076923077 0.23557692307692307 0.1971153846153846
1 0.6213942307692307 0.9519230769230769 0.20192307692307693 0.09375
1 0.04447115384615385 0.5216346153846154 0.08173076923076923 0.16346153846153846
1 0.12980769230769232 0.3449519230769231 0.20673076923076922 0.15144230769230768