1 0.15144230769230768 0.2860576923076923 0.19230769230769232 0.1778846153846154
1 0.7560096153846154 0.5264423076923077 0.22596153846153846 0.1875
1 0.8846153846153846 0.8293269230769231 0.22596153846153846 0.1875
1 0.7091346153846154 0.9242788461538461 0.22115384615384615 0.1466346153846154
1 0.5600961538461539 0.8209134615384616 0.22596153846153846 0.1875
1 0.21875 0.16105769230769232 0.2764423076923077 0.125
1 0.109375 0.7451923076923077 0.21634615384615385 0.18990384615384615
1 0.3317307692307692 0.7115384615384616 0.22596153846153846 0.18990384615384615
1 0.9206730769230769 0.6117788461538461 0.15384615384615385 0.18509615384615385
1 0.8257211538461539 0.14783653846153846 0.22596153846153846 0.1875
2 0.46875 0.35697115384615385 0.4375 0.34375