1 0.5264423076923077 0.25600961538461536 0.24278846153846154 0.2403846153846154
1 0.28966346153846156 0.34375 0.2692307692307692 0.21153846153846154
1 0.09975961538461539 0.4675480769230769 0.19471153846153846 0.18028846153846154
1 0.1971153846153846 0.6346153846153846 0.2548076923076923 0.16826923076923078
1 0.38461538461538464 0.6959134615384616 0.2548076923076923 0.16826923076923078
1 0.2800480769230769 0.8521634615384616 0.25 0.15865384615384615
1 0.6153846153846154 0.7427884615384616 0.20432692307692307 0.22115384615384615
1 0.7752403846153846 0.609375 0.21875 0.15384615384615385
1 0.8221153846153846 0.2920673076923077 0.1971153846153846 0.1778846153846154
1 0.06129807692307692 0.20432692307692307 0.11778846153846154 0.17307692307692307
2 0.8786057692307693 0.7824519230769231 0.23798076923076922 0.3870192307692308