1 0.5324519230769231 0.14903846153846154 0.22596153846153846 0.21153846153846154
1 0.6057692307692307 0.3737980769230769 0.1778846153846154 0.1346153846153846
1 0.8064903846153846 0.30288461538461536 0.18028846153846154 0.15865384615384615
1 0.4050480769230769 0.5552884615384616 0.1875 0.15865384615384615
1 0.09495192307692307 0.2644230769230769 0.18509615384615385 0.16346153846153846
1 0.18509615384615385 0.5985576923076923 0.1875 0.15865384615384615
1 0.7536057692307693 0.5769230769230769 0.1875 0.15865384615384615
1 0.7379807692307693 0.1201923076923077 0.19230769230769232 0.16346153846153846
1 0.9230769230769231 0.1310096153846154 0.14903846153846154 0.16346153846153846
1 0.5588942307692307 0.9326923076923077 0.16826923076923078 0.13221153846153846
2 0.3870192307692308 0.8425480769230769 0.2403846153846154 0.22596153846153846