1 0.8197115384615384 0.7920673076923077 0.2091346153846154 0.16105769230769232
1 0.45552884615384615 0.8341346153846154 0.2091346153846154 0.16105769230769232
1 0.8990384615384616 0.08052884615384616 0.1971153846153846 0.16105769230769232
1 0.6274038461538461 0.08052884615384616 0.21153846153846154 0.16105769230769232
1 0.3329326923076923 0.17548076923076922 0.2091346153846154 0.16105769230769232
1 0.20793269230769232 0.6334134615384616 0.21394230769230768 0.18269230769230768
1 0.4170673076923077 0.9206730769230769 0.27884615384615385 0.15625
1 0.36899038461538464 0.49038461538461536 0.18269230769230768 0.16826923076923078
1 0.6418269230769231 0.6165865384615384 0.19230769230769232 0.16346153846153846
1 0.0889423076923077 0.6454326923076923 0.17307692307692307 0.16346153846153846
0 0.046875 0.3317307692307692 0.09134615384615384 0.07211538461538461
0 0.14783653846153846 0.9038461538461539 0.0673076923076923 0.057692307692307696
0 0.47596153846153844 0.14903846153846154 0.08173076923076923 0.0625
0 0.8689903846153846 0.1875 0.07692307692307693 0.07211538461538461
0 0.9759615384615384 0.44350961538461536 0.04326923076923077 0.06490384615384616
2 0.6778846153846154 0.3329326923076923 0.47596153846153844 0.38221153846153844