1 0.23197115384615385 0.25600961538461536 0.18269230769230768 0.28125
1 0.7295673076923077 0.5649038461538461 0.19230769230769232 0.23798076923076922
1 0.8088942307692307 0.7475961538461539 0.15384615384615385 0.24278846153846154
1 0.5973557692307693 0.7019230769230769 0.19230769230769232 0.25240384615384615
1 0.9122596153846154 0.28725961538461536 0.15384615384615385 0.24759615384615385
1 0.07692307692307693 0.2283653846153846 0.14423076923076922 0.23076923076923078
1 0.24158653846153846 0.6598557692307693 0.17067307692307693 0.2283653846153846
1 0.12980769230769232 0.4735576923076923 0.21875 0.20432692307692307
1 0.4338942307692308 0.9362980769230769 0.18990384615384615 0.12259615384615384
1 0.6790865384615384 0.1310096153846154 0.22596153846153846 0.25721153846153844
0 0.375 0.5480769230769231 0.07211538461538461 0.08653846153846154
0 0.8449519230769231 0.03485576923076923 0.0673076923076923 0.0673076923076923
2 0.4254807692307692 0.27524038461538464 0.28365384615384615 0.3557692307692308