2 0.23557692307692307 0.7632211538461539 0.1971153846153846 0.2548076923076923
1 0.6310096153846154 0.3389423076923077 0.17067307692307693 0.2548076923076923
1 0.49278846153846156 0.2704326923076923 0.16826923076923078 0.1971153846153846
1 0.5264423076923077 0.4579326923076923 0.16826923076923078 0.1971153846153846
1 0.4987980769230769 0.5096153846153846 0.16826923076923078 0.1971153846153846
1 0.07932692307692307 0.3942307692307692 0.15625 0.2668269230769231
1 0.06009615384615385 0.5084134615384616 0.11778846153846154 0.23076923076923078
1 0.16706730769230768 0.5600961538461539 0.14182692307692307 0.2283653846153846
1 0.21754807692307693 0.4963942307692308 0.14182692307692307 0.2283653846153846
1 0.2800480769230769 0.47716346153846156 0.14182692307692307 0.2283653846153846
1 0.3581730769230769 0.43149038461538464 0.14182692307692307 0.2283653846153846
1 0.10096153846153846 0.16466346153846154 0.14182692307692307 0.2283653846153846
1 0.16706730769230768 0.14903846153846154 0.14182692307692307 0.2283653846153846
1 0.31490384615384615 0.125 0.14182692307692307 0.2283653846153846
1 0.7920673076923077 0.9038461538461539 0.14423076923076922 0.1875
1 0.9278846153846154 0.7704326923076923 0.14182692307692307 0.19230769230769232
1 0.921875 0.2403846153846154 0.14182692307692307 0.19230769230769232
1 0.9158653846153846 0.38461538461538464 0.16346153846153846 0.22115384615384615
1 0.8786057692307693 0.46033653846153844 0.16346153846153846 0.22115384615384615
1 0.859375 0.07932692307692307 0.1658653846153846 0.15384615384615385
1 0.7560096153846154 0.0889423076923077 0.16346153846153846 0.1658653846153846
1 0.734375 0.12860576923076922 0.16346153846153846 0.1658653846153846
1 0.0673076923076923 0.8221153846153846 0.13221153846153846 0.23076923076923078
1 0.40384615384615385 0.9615384615384616 0.15384615384615385 0.07211538461538461
1 0.6370192307692307 0.7560096153846154 0.18509615384615385 0.23076923076923078
1 0.6923076923076923 0.6177884615384616 0.18509615384615385 0.23076923076923078
1 0.7740384615384616 0.5805288461538461 0.18509615384615385 0.23076923076923078
0 0.7716346153846154 0.2692307692307692 0.0673076923076923 0.10096153846153846
0 0.39903846153846156 0.15625 0.052884615384615384 0.08173076923076923
1 0.9254807692307693 0.6274038461538461 0.14423076923076922 0.22115384615384615