1 0.5673076923076923 0.6778846153846154 0.22355769230769232 0.14423076923076922
1 0.09735576923076923 0.4963942307692308 0.19230769230769232 0.17307692307692307
1 0.13942307692307693 0.6442307692307693 0.20192307692307693 0.17067307692307693
1 0.3173076923076923 0.5721153846153846 0.22596153846153846 0.19471153846153846
1 0.2704326923076923 0.17307692307692307 0.22596153846153846 0.19471153846153846
1 0.5288461538461539 0.2283653846153846 0.21875 0.15384615384615385
1 0.8737980769230769 0.7055288461538461 0.24759615384615385 0.2091346153846154
1 0.09375 0.7776442307692307 0.18269230769230768 0.14903846153846154
1 0.35697115384615385 0.734375 0.23798076923076922 0.13942307692307693
1 0.9266826923076923 0.43509615384615385 0.14182692307692307 0.16826923076923078
2 0.6430288461538461 0.4495192307692308 0.4951923076923077 0.38461538461538464