2 0.39302884615384615 0.5384615384615384 0.4110576923076923 0.31009615384615385
1 0.7355769230769231 0.8810096153846154 0.22115384615384615 0.1875
1 0.890625 0.8100961538461539 0.21634615384615385 0.1778846153846154
1 0.8076923076923077 0.7223557692307693 0.22596153846153846 0.1778846153846154
1 0.671875 0.6598557692307693 0.23076923076923078 0.14423076923076922
1 0.7271634615384616 0.625 0.23076923076923078 0.14423076923076922
1 0.7560096153846154 0.5889423076923077 0.23076923076923078 0.14423076923076922
1 0.7776442307692307 0.5348557692307693 0.23076923076923078 0.14423076923076922
1 0.7379807692307693 0.12620192307692307 0.21634615384615385 0.16826923076923078
1 0.8894230769230769 0.07572115384615384 0.21634615384615385 0.1466346153846154
1 0.11538461538461539 0.10216346153846154 0.21634615384615385 0.16826923076923078
1 0.20072115384615385 0.09014423076923077 0.23076923076923078 0.1778846153846154
1 0.3701923076923077 0.8737980769230769 0.23076923076923078 0.1971153846153846
1 0.2403846153846154 0.7908653846153846 0.23076923076923078 0.1971153846153846
1 0.16826923076923078 0.8725961538461539 0.23076923076923078 0.19951923076923078
1 0.07211538461538461 0.4723557692307692 0.14423076923076922 0.1971153846153846
1 0.9495192307692307 0.5264423076923077 0.09615384615384616 0.13942307692307693
1 0.9567307692307693 0.4579326923076923 0.08173076923076923 0.1346153846153846