1 0.6237980769230769 0.1971153846153846 0.16826923076923078 0.21153846153846154
1 0.9447115384615384 0.1201923076923077 0.10576923076923077 0.21634615384615385
1 0.46875 0.6995192307692307 0.24519230769230768 0.17307692307692307
1 0.6598557692307693 0.40384615384615385 0.20432692307692307 0.17307692307692307
1 0.546875 0.8834134615384616 0.1971153846153846 0.19230769230769232
1 0.8425480769230769 0.8954326923076923 0.17548076923076922 0.20432692307692307
1 0.45072115384615385 0.3713942307692308 0.17307692307692307 0.23076923076923078
1 0.29447115384615385 0.44591346153846156 0.18990384615384615 0.21634615384615385
1 0.2536057692307692 0.25961538461538464 0.1971153846153846 0.22355769230769232
1 0.09134615384615384 0.6875 0.18028846153846154 0.24519230769230768
1 0.10216346153846154 0.5096153846153846 0.14903846153846154 0.2403846153846154
1 0.41466346153846156 0.0733173076923077 0.16346153846153846 0.14182692307692307
0 0.15865384615384615 0.10817307692307693 0.07692307692307693 0.0889423076923077
0 0.019230769230769232 0.3485576923076923 0.03365384615384615 0.0673076923076923
2 0.8786057692307693 0.6177884615384616 0.2403846153846154 0.43028846153846156
0 0.9819711538461539 0.9675480769230769 0.03125 0.06009615384615385