2 0.28966346153846156 0.8485576923076923 0.43509615384615385 0.2980769230769231
2 0.22716346153846154 0.41466346153846156 0.4519230769230769 0.4567307692307692
1 0.4110576923076923 0.6778846153846154 0.2668269230769231 0.17067307692307693
1 0.5925480769230769 0.8425480769230769 0.23557692307692307 0.16826923076923078
1 0.734375 0.9014423076923077 0.19471153846153846 0.13942307692307693
1 0.5504807692307693 0.5120192307692307 0.19471153846153846 0.13942307692307693
1 0.5216346153846154 0.4519230769230769 0.19471153846153846 0.13942307692307693
1 0.7680288461538461 0.5264423076923077 0.19471153846153846 0.13942307692307693
1 0.7548076923076923 0.45913461538461536 0.19471153846153846 0.13942307692307693
1 0.7427884615384616 0.4050480769230769 0.19471153846153846 0.13942307692307693
1 0.9314903846153846 0.19831730769230768 0.13221153846153846 0.16105769230769232
1 0.9302884615384616 0.4206730769230769 0.1346153846153846 0.1971153846153846
1 0.9603365384615384 0.6153846153846154 0.07692307692307693 0.1875
1 0.9170673076923077 0.9362980769230769 0.16105769230769232 0.12740384615384615
1 0.7235576923076923 0.2512019230769231 0.23557692307692307 0.22115384615384615
1 0.36778846153846156 0.052884615384615384 0.24519230769230768 0.10096153846153846
1 0.5324519230769231 0.04326923076923077 0.19471153846153846 0.08413461538461539
1 0.7548076923076923 0.04807692307692308 0.19230769230769232 0.09134615384615384