1 0.5168269230769231 0.9074519230769231 0.22596153846153846 0.1778846153846154
1 0.7560096153846154 0.3485576923076923 0.19230769230769232 0.20432692307692307
1 0.9447115384615384 0.44711538461538464 0.10576923076923077 0.20673076923076922
1 0.546875 0.49759615384615385 0.14903846153846154 0.20673076923076922
1 0.3389423076923077 0.9086538461538461 0.14423076923076922 0.1778846153846154
1 0.421875 0.7007211538461539 0.13701923076923078 0.18269230769230768
1 0.12980769230769232 0.09254807692307693 0.19471153846153846 0.18509615384615385
1 0.2512019230769231 0.5913461538461539 0.15384615384615385 0.1875
1 0.9387019230769231 0.6442307692307693 0.1201923076923077 0.18990384615384615
1 0.9519230769230769 0.8389423076923077 0.09134615384615384 0.1875
1 0.6502403846153846 0.5012019230769231 0.12980769230769232 0.16346153846153846
2 0.45072115384615385 0.22956730769230768 0.23076923076923078 0.27884615384615385
0 0.44471153846153844 0.4362980769230769 0.04807692307692308 0.0625
0 0.8509615384615384 0.49278846153846156 0.04807692307692308 0.0625