1 0.17307692307692307 0.3401442307692308 0.15384615384615385 0.2091346153846154
1 0.16947115384615385 0.18629807692307693 0.15384615384615385 0.2091346153846154
1 0.578125 0.1141826923076923 0.16346153846153846 0.22596153846153846
1 0.47115384615384615 0.21394230769230768 0.16346153846153846 0.24519230769230768
1 0.6610576923076923 0.5444711538461539 0.1346153846153846 0.23557692307692307
1 0.5721153846153846 0.7896634615384616 0.17307692307692307 0.28365384615384615
1 0.8173076923076923 0.6394230769230769 0.16346153846153846 0.23317307692307693
1 0.039663461538461536 0.5504807692307693 0.07451923076923077 0.2283653846153846
1 0.8509615384615384 0.2620192307692308 0.1778846153846154 0.22115384615384615
1 0.0829326923076923 0.8076923076923077 0.16346153846153846 0.22596153846153846
1 0.27524038461538464 0.9074519230769231 0.18509615384615385 0.18028846153846154
1 0.7548076923076923 0.8930288461538461 0.14903846153846154 0.1971153846153846
1 0.9254807692307693 0.8774038461538461 0.14423076923076922 0.1971153846153846
1 0.5024038461538461 0.39783653846153844 0.17548076923076922 0.1971153846153846
1 0.9326923076923077 0.6286057692307693 0.12980769230769232 0.22355769230769232
1 0.7620192307692307 0.4387019230769231 0.125 0.20192307692307693
2 0.3161057692307692 0.6274038461538461 0.47596153846153844 0.4326923076923077