1 0.40865384615384615 0.8257211538461539 0.18269230769230768 0.22115384615384615
1 0.5865384615384616 0.8629807692307693 0.18269230769230768 0.22115384615384615
1 0.7884615384615384 0.8762019230769231 0.18269230769230768 0.22115384615384615
1 0.9086538461538461 0.65625 0.1778846153846154 0.2548076923076923
1 0.8629807692307693 0.08173076923076923 0.1971153846153846 0.16346153846153846
1 0.6129807692307693 0.30528846153846156 0.19230769230769232 0.25961538461538464
1 0.6971153846153846 0.11538461538461539 0.18269230769230768 0.23076923076923078
1 0.030048076923076924 0.8173076923076923 0.06009615384615385 0.25961538461538464
1 0.052884615384615384 0.3545673076923077 0.10576923076923077 0.2283653846153846
1 0.6838942307692307 0.47836538461538464 0.15625 0.22596153846153846
1 0.8413461538461539 0.21514423076923078 0.20192307692307693 0.21634615384615385
2 0.3737980769230769 0.40625 0.43509615384615385 0.40384615384615385