1 0.24879807692307693 0.8185096153846154 0.1875 0.22596153846153846
1 0.4483173076923077 0.8076923076923077 0.13942307692307693 0.22596153846153846
1 0.5072115384615384 0.08052884615384616 0.16346153846153846 0.15384615384615385
1 0.5504807692307693 0.5204326923076923 0.15144230769230768 0.2403846153846154
1 0.578125 0.8317307692307693 0.125 0.20673076923076922
1 0.125 0.3605769230769231 0.16826923076923078 0.25240384615384615
1 0.19471153846153846 0.16466346153846154 0.15865384615384615 0.19230769230769232
1 0.0625 0.078125 0.1201923076923077 0.15144230769230768
1 0.2764423076923077 0.04807692307692308 0.16826923076923078 0.09134615384615384
1 0.41947115384615385 0.30408653846153844 0.15865384615384615 0.19230769230769232
1 0.328125 0.3641826923076923 0.16346153846153846 0.23076923076923078
1 0.9278846153846154 0.09975961538461539 0.13942307692307693 0.19951923076923078
1 0.9567307692307693 0.3401442307692308 0.08173076923076923 0.2668269230769231
2 0.734375 0.234375 0.3798076923076923 0.4519230769230769
0 0.23197115384615385 0.6862980769230769 0.06971153846153846 0.08653846153846154
0 0.026442307692307692 0.4423076923076923 0.05048076923076923 0.09134615384615384