1 0.14423076923076922 0.5060096153846154 0.20673076923076922 0.23317307692307693
1 0.09134615384615384 0.71875 0.18028846153846154 0.2091346153846154
1 0.7680288461538461 0.4014423076923077 0.21153846153846154 0.1875
1 0.7367788461538461 0.6790865384615384 0 0
1 0.5192307692307693 0.515625 0.19230769230769232 0.23076923076923078
1 0.09375 0.1141826923076923 0.18269230769230768 0.2283653846153846
1 0.8954326923076923 0.09134615384615384 0.16346153846153846 0.18269230769230768
1 0.7608173076923077 0.1502403846153846 0.11057692307692307 0.2644230769230769
1 0.4110576923076923 0.7980769230769231 0.1466346153846154 0.2548076923076923
0 0.9735576923076923 0.8028846153846154 0.04807692307692308 0.11057692307692307
0 0.8774038461538461 0.46634615384615385 0.07692307692307693 0.10576923076923077
2 0.5384615384615384 0.15144230769230768 0.3918269230769231 0.30288461538461536