2 0.8257211538461539 0.6622596153846154 0.34375 0.44471153846153844
1 0.53125 0.7283653846153846 0.19230769230769232 0.24278846153846154
1 0.2848557692307692 0.7644230769230769 0.1875 0.2932692307692308
1 0.34134615384615385 0.3112980769230769 0.19471153846153846 0.3245192307692308
1 0.8112980769230769 0.296875 0.18269230769230768 0.20192307692307693
1 0.6237980769230769 0.8894230769230769 0.18269230769230768 0.20192307692307693
1 0.43149038461538464 0.9278846153846154 0.18269230769230768 0.13942307692307693
1 0.04927884615384615 0.46875 0.09615384615384616 0.27163461538461536
1 0.19471153846153846 0.234375 0.16346153846153846 0.25961538461538464
1 0.07211538461538461 0.19230769230769232 0.13942307692307693 0.21634615384615385
1 0.13701923076923078 0.5769230769230769 0.1658653846153846 0.24519230769230768
1 0.6502403846153846 0.12259615384615384 0.19230769230769232 0.23557692307692307
1 0.7824519230769231 0.17067307692307693 0.19230769230769232 0.23557692307692307
1 0.21033653846153846 0.9362980769230769 0.16826923076923078 0.12259615384615384
1 0.42908653846153844 0.9338942307692307 0.16826923076923078 0.125