1 0.20673076923076922 0.9567307692307693 0.25 0.08173076923076923
1 0.05889423076923077 0.625 0.11298076923076923 0.21875
1 0.05048076923076923 0.7355769230769231 0.09615384615384616 0.1778846153846154
1 0.13341346153846154 0.11899038461538461 0.20192307692307693 0.14903846153846154
1 0.27524038461538464 0.44471153846153844 0.20192307692307693 0.1875
1 0.8413461538461539 0.08653846153846154 0.2403846153846154 0.16826923076923078
1 0.6286057692307693 0.8569711538461539 0.20192307692307693 0.14423076923076922
1 0.3713942307692308 0.7548076923076923 0.20192307692307693 0.14423076923076922
1 0.4483173076923077 0.8882211538461539 0.25240384615384615 0.19471153846153846
1 0.3076923076923077 0.2091346153846154 0.15384615384615385 0.1778846153846154
1 0.3581730769230769 0.06490384615384616 0.20192307692307693 0.125
2 0.6670673076923077 0.3389423076923077 0.5673076923076923 0.4519230769230769