1 0.6225961538461539 0.24639423076923078 0.22355769230769232 0.23317307692307693
1 0.46274038461538464 0.10336538461538461 0.14903846153846154 0.20192307692307693
1 0.17067307692307693 0.125 0.17307692307692307 0.2283653846153846
1 0.33533653846153844 0.22716346153846154 0.17307692307692307 0.2283653846153846
1 0.31009615384615385 0.4423076923076923 0.17307692307692307 0.2283653846153846
1 0.44591346153846156 0.796875 0.19230769230769232 0.23317307692307693
1 0.6370192307692307 0.640625 0.19230769230769232 0.2668269230769231
1 0.3329326923076923 0.5997596153846154 0.1875 0.2403846153846154
1 0.6466346153846154 0.8834134615384616 0.20192307692307693 0.2283653846153846
1 0.8425480769230769 0.8894230769230769 0.21634615384615385 0.14423076923076922
1 0.08533653846153846 0.7776442307692307 0.16826923076923078 0.18028846153846154
1 0.07572115384615384 0.6490384615384616 0.1466346153846154 0.21394230769230768
1 0.140625 0.9290865384615384 0.16105769230769232 0.13701923076923078
1 0.3473557692307692 0.9290865384615384 0.16105769230769232 0.13701923076923078
2 0.859375 0.4326923076923077 0.2764423076923077 0.44711538461538464
0 0.7367788461538461 0.265625 0.07211538461538461 0.09615384615384616