1 0.8401442307692307 0.09495192307692307 0.17548076923076922 0.18990384615384615
1 0.6274038461538461 0.5324519230769231 0.17307692307692307 0.24519230769230768
1 0.8413461538461539 0.8617788461538461 0.1346153846153846 0.23076923076923078
1 0.9290865384615384 0.2764423076923077 0.1346153846153846 0.23076923076923078
1 0.6838942307692307 0.859375 0.17307692307692307 0.24519230769230768
1 0.6262019230769231 0.09735576923076923 0.16826923076923078 0.19471153846153846
1 0.17908653846153846 0.27283653846153844 0.20192307692307693 0.2403846153846154
1 0.484375 0.15625 0.18269230769230768 0.21394230769230768
1 0.09735576923076923 0.5168269230769231 0.19230769230769232 0.21634615384615385
1 0.7163461538461539 0.46634615384615385 0.17307692307692307 0.2548076923076923
1 0.7151442307692307 0.6574519230769231 0.15384615384615385 0.21875
2 0.17668269230769232 0.8449519230769231 0.35336538461538464 0.30528846153846156
0 0.8353365384615384 0.4182692307692308 0.07211538461538461 0.08653846153846154