1 0.45552884615384615 0.6286057692307693 0.17307692307692307 0.20673076923076922
1 0.33653846153846156 0.06850961538461539 0.17548076923076922 0.13701923076923078
1 0.6862980769230769 0.2800480769230769 0.17548076923076922 0.24519230769230768
1 0.9014423076923077 0.3233173076923077 0.19230769230769232 0.2764423076923077
1 0.3918269230769231 0.24879807692307693 0.1875 0.22596153846153846
1 0.078125 0.21153846153846154 0.15384615384615385 0.22596153846153846
1 0.6514423076923077 0.5288461538461539 0.17067307692307693 0.25721153846153844
1 0.19230769230769232 0.43509615384615385 0.19230769230769232 0.27884615384615385
1 0.8521634615384616 0.7752403846153846 0.19471153846153846 0.2644230769230769
1 0.23197115384615385 0.9002403846153846 0.17548076923076922 0.1971153846153846
0 0.25721153846153844 0.7079326923076923 0.09134615384615384 0.09615384615384616
0 0.36778846153846156 0.5324519230769231 0.07211538461538461 0.09615384615384616
0 0.5769230769230769 0.6550480769230769 0.07692307692307693 0.10336538461538461
2 0.6069711538461539 0.8605769230769231 0.2692307692307692 0.27403846153846156