1 0.7944711538461539 0.8713942307692307 0.17307692307692307 0.1875
1 0.7247596153846154 0.6586538461538461 0.16826923076923078 0.1971153846153846
1 0.7908653846153846 0.0673076923076923 0.22355769230769232 0.12980769230769232
1 0.5048076923076923 0.19951923076923078 0.16346153846153846 0.25240384615384615
1 0.5396634615384616 0.6153846153846154 0.17307692307692307 0.1971153846153846
1 0.9182692307692307 0.44591346153846156 0.15865384615384615 0.2548076923076923
1 0.8461538461538461 0.33653846153846156 0.19230769230769232 0.20673076923076922
1 0.27884615384615385 0.5300480769230769 0.13221153846153846 0.1658653846153846
1 0.09375 0.46033653846153844 0.17307692307692307 0.17307692307692307
1 0.15985576923076922 0.17067307692307693 0.1875 0.23798076923076922
2 0.31971153846153844 0.765625 0.18269230769230768 0.22115384615384615
1 0.9375 0.6466346153846154 0.12259615384615384 0.1875
1 0.5192307692307693 0.07451923076923077 0.15144230769230768 0.14423076923076922
1 0.35336538461538464 0.1875 0.14182692307692307 0.19230769230769232