1 0.7079326923076923 0.8762019230769231 0.19471153846153846 0.24278846153846154
1 0.27283653846153844 0.28846153846153844 0.19230769230769232 0.25721153846153844
1 0.4495192307692308 0.28846153846153844 0.19230769230769232 0.25721153846153844
1 0.6201923076923077 0.14302884615384615 0.22355769230769232 0.25961538461538464
1 0.8028846153846154 0.24759615384615385 0.15625 0.25240384615384615
1 0.10697115384615384 0.7367788461538461 0.1875 0.21634615384615385
1 0.5168269230769231 0.9302884615384616 0.15865384615384615 0.1346153846153846
1 0.7079326923076923 0.6225961538461539 0.19230769230769232 0.25721153846153844
1 0.037259615384615384 0.5324519230769231 0.07451923076923077 0.2548076923076923
0 0.07932692307692307 0.052884615384615384 0.11538461538461539 0.10096153846153846
0 0.3161057692307692 0.06610576923076923 0.06490384615384616 0.09134615384615384
0 0.1201923076923077 0.5709134615384616 0.07692307692307693 0.1201923076923077
0 0.9819711538461539 0.6947115384615384 0.03365384615384615 0.11057692307692307
2 0.34975961538461536 0.7319711538461539 0.33413461538461536 0.4519230769230769