1 0.6045673076923077 0.18028846153846154 0.18028846153846154 0.15625
1 0.31971153846153844 0.6117788461538461 0.18028846153846154 0.25
1 0.5420673076923077 0.640625 0.18028846153846154 0.25
1 0.14783653846153846 0.5372596153846154 0.19230769230769232 0.25240384615384615
1 0.6117788461538461 0.8894230769230769 0.19471153846153846 0.21634615384615385
1 0.8605769230769231 0.28125 0.13701923076923078 0.21153846153846154
1 0.1875 0.0673076923076923 0.14903846153846154 0.12980769230769232
1 0.4387019230769231 0.0673076923076923 0.19471153846153846 0.12980769230769232
1 0.9122596153846154 0.7608173076923077 0.16826923076923078 0.2403846153846154
1 0.953125 0.8269230769230769 0.09134615384615384 0.2764423076923077
2 0.4206730769230769 0.34615384615384615 0.23557692307692307 0.3004807692307692
0 0.5192307692307693 0.49759615384615385 0.04807692307692308 0.07692307692307693