2 0.6262019230769231 0.41225961538461536 0.28125 0.34134615384615385
1 0.71875 0.7980769230769231 0.19230769230769232 0.24519230769230768
1 0.41947115384615385 0.3641826923076923 0.14903846153846154 0.2548076923076923
1 0.22115384615384615 0.8064903846153846 0.14423076923076922 0.23798076923076922
1 0.25721153846153844 0.8798076923076923 0.1466346153846154 0.23557692307692307
1 0.5504807692307693 0.8185096153846154 0.18269230769230768 0.24519230769230768
1 0.21754807692307693 0.2668269230769231 0.15865384615384615 0.16346153846153846
1 0.052884615384615384 0.7259615384615384 0.10336538461538461 0.2403846153846154
1 0.09014423076923077 0.2512019230769231 0.1778846153846154 0.22355769230769232
1 0.3858173076923077 0.5805288461538461 0.18509615384615385 0.25
1 0.203125 0.5973557692307693 0.18509615384615385 0.25
1 0.828125 0.4483173076923077 0.14903846153846154 0.2548076923076923
0 0.828125 0.7235576923076923 0.05048076923076923 0.08173076923076923