1 0.45552884615384615 0.11778846153846154 0.20432692307692307 0.21153846153846154
1 0.09014423076923077 0.051682692307692304 0.17548076923076922 0.10336538461538461
1 0.20793269230769232 0.16706730769230768 0.2283653846153846 0.17067307692307693
1 0.7884615384615384 0.8689903846153846 0.2692307692307692 0.1875
1 0.7572115384615384 0.625 0.3269230769230769 0.19951923076923078
1 0.6045673076923077 0.9350961538461539 0.24759615384615385 0.12740384615384615
1 0.12139423076923077 0.9182692307692307 0.2403846153846154 0.16105769230769232
1 0.3894230769230769 0.609375 0.2692307692307692 0.1875
1 0.12139423076923077 0.6201923076923077 0.2403846153846154 0.1875
1 0.6177884615384616 0.4074519230769231 0.32211538461538464 0.2283653846153846
2 0.18028846153846154 0.3858173076923077 0.3557692307692308 0.36538461538461536