1 0.6274038461538461 0.6262019230769231 0.21153846153846154 0.17307692307692307
1 0.34975961538461536 0.6045673076923077 0.21153846153846154 0.17307692307692307
1 0.15625 0.6610576923076923 0.21153846153846154 0.17548076923076922
1 0.7427884615384616 0.3125 0.21153846153846154 0.17307692307692307
1 0.8834134615384616 0.17668269230769232 0.17067307692307693 0.12740384615384615
1 0.37740384615384615 0.30288461538461536 0.20673076923076922 0.15865384615384615
1 0.3329326923076923 0.18509615384615385 0.20673076923076922 0.15865384615384615
1 0.17908653846153846 0.28725961538461536 0.19230769230769232 0.16346153846153846
1 0.7391826923076923 0.8197115384615384 0.19230769230769232 0.16346153846153846
1 0.36658653846153844 0.7944711538461539 0.21153846153846154 0.19230769230769232
1 0.5372596153846154 0.9194711538461539 0.25961538461538464 0.15865384615384615
1 0.8954326923076923 0.6298076923076923 0.19230769230769232 0.16346153846153846
1 0.8713942307692307 0.6923076923076923 0.19230769230769232 0.16346153846153846
1 0.22235576923076922 0.9146634615384616 0.19230769230769232 0.1658653846153846
2 0.6129807692307693 0.11658653846153846 0.44711538461538464 0.23076923076923078
0 0.5300480769230769 0.30288461538461536 0.0985576923076923 0.06009615384615385