1 0.47716346153846156 0.0673076923076923 0.23317307692307693 0.1346153846153846
1 0.3004807692307692 0.5661057692307693 0.2091346153846154 0.18269230769230768
1 0.4807692307692308 0.8413461538461539 0.20673076923076922 0.1875
1 0.22956730769230768 0.859375 0.23317307692307693 0.18990384615384615
1 0.7211538461538461 0.6742788461538461 0.23317307692307693 0.18990384615384615
1 0.7932692307692307 0.21754807692307693 0.20432692307692307 0.15865384615384615
1 0.08052884615384616 0.30528846153846156 0.15384615384615385 0.15865384615384615
1 0.1045673076923077 0.6923076923076923 0.20432692307692307 0.15865384615384615
1 0.8846153846153846 0.41947115384615385 0.20432692307692307 0.15865384615384615
1 0.36177884615384615 0.5745192307692307 0.2091346153846154 0.18269230769230768
1 0.45072115384615385 0.09375 0.23076923076923078 0.14903846153846154
2 0.47115384615384615 0.3605769230769231 0.47115384615384615 0.4230769230769231
0 0.171875 0.19110576923076922 0.10096153846153846 0.07451923076923077