1 0.7548076923076923 0.23798076923076922 0.16826923076923078 0.22596153846153846
1 0.3125 0.5408653846153846 0.18269230769230768 0.23076923076923078
1 0.5456730769230769 0.3161057692307692 0.13942307692307693 0.21634615384615385
1 0.6189903846153846 0.46274038461538464 0.1778846153846154 0.27403846153846156
1 0.4387019230769231 0.1778846153846154 0.14903846153846154 0.23317307692307693
1 0.7884615384615384 0.6466346153846154 0.21634615384615385 0.25
1 0.9074519230769231 0.3317307692307692 0.18269230769230768 0.27403846153846156
1 0.15985576923076922 0.41225961538461536 0.22596153846153846 0.1778846153846154
1 0.10216346153846154 0.8966346153846154 0.17307692307692307 0.20192307692307693
1 0.12259615384615384 0.08413461538461539 0.14423076923076922 0.16826923076923078
1 0.30649038461538464 0.20192307692307693 0.16826923076923078 0.25961538461538464
1 0.625 0.07572115384615384 0.19230769230769232 0.15144230769230768
1 0.9723557692307693 0.8774038461538461 0.05048076923076923 0.2403846153846154
2 0.4639423076923077 0.7944711538461539 0.40384615384615385 0.40865384615384615