1 0.28125 0.6598557692307693 0.18990384615384615 0.25
1 0.15625 0.8449519230769231 0.1658653846153846 0.24759615384615385
1 0.42788461538461536 0.7536057692307693 0.11538461538461539 0.22355769230769232
1 0.4266826923076923 0.5108173076923077 0.1875 0.24278846153846154
1 0.3954326923076923 0.29086538461538464 0.16346153846153846 0.21875
1 0.5853365384615384 0.36177884615384615 0.18269230769230768 0.23076923076923078
1 0.9158653846153846 0.12259615384615384 0.1658653846153846 0.2403846153846154
1 0.11658653846153846 0.40024038461538464 0.16826923076923078 0.23076923076923078
1 0.16826923076923078 0.2403846153846154 0.20432692307692307 0.2764423076923077
1 0.6045673076923077 0.6045673076923077 0.17548076923076922 0.22355769230769232
1 0.8617788461538461 0.8305288461538461 0.22115384615384615 0.1875
1 0.6033653846153846 0.9146634615384616 0.19230769230769232 0.1658653846153846
1 0.44591346153846156 0.9194711538461539 0.16105769230769232 0.15625
1 0.7103365384615384 0.11538461538461539 0.1971153846153846 0.22596153846153846
0 0.265625 0.2704326923076923 0.052884615384615384 0.0625
0 0.3629807692307692 0.10096153846153846 0.07211538461538461 0.09134615384615384
2 0.8112980769230769 0.49158653846153844 0.375 0.5769230769230769