2 0.7776442307692307 0.7788461538461539 0.1971153846153846 0.2548076923076923
1 0.38221153846153844 0.3545673076923077 0.16826923076923078 0.2548076923076923
1 0.5204326923076923 0.2860576923076923 0.16826923076923078 0.1971153846153846
1 0.4855769230769231 0.4723557692307692 0.16826923076923078 0.1971153846153846
1 0.5144230769230769 0.5252403846153846 0.16826923076923078 0.1971153846153846
1 0.9278846153846154 0.4098557692307692 0.14182692307692307 0.2668269230769231
1 0.9471153846153846 0.5240384615384616 0.10336538461538461 0.23076923076923078
1 0.8461538461538461 0.5745192307692307 0.14182692307692307 0.2283653846153846
1 0.7944711538461539 0.5120192307692307 0.14182692307692307 0.2283653846153846
1 0.7331730769230769 0.49278846153846156 0.14182692307692307 0.2283653846153846
1 0.6538461538461539 0.44711538461538464 0.14182692307692307 0.2283653846153846
1 0.9122596153846154 0.17908653846153846 0.14182692307692307 0.2283653846153846
1 0.8461538461538461 0.16466346153846154 0.14182692307692307 0.2283653846153846
1 0.6983173076923077 0.140625 0.14182692307692307 0.2283653846153846
1 0.22115384615384615 0.9110576923076923 0.14423076923076922 0.17307692307692307
1 0.08533653846153846 0.7860576923076923 0.14182692307692307 0.19230769230769232
1 0.09014423076923077 0.25600961538461536 0.14182692307692307 0.19230769230769232
1 0.09735576923076923 0.40024038461538464 0.16346153846153846 0.22115384615384615
1 0.1346153846153846 0.47596153846153844 0.16346153846153846 0.22115384615384615
1 0.15144230769230768 0.08653846153846154 0.16346153846153846 0.16346153846153846
1 0.25721153846153844 0.1045673076923077 0.16346153846153846 0.16346153846153846
1 0.27884615384615385 0.14302884615384615 0.16346153846153846 0.16346153846153846
1 0.9387019230769231 0.8365384615384616 0.1201923076923077 0.23076923076923078
1 0.609375 0.9699519230769231 0.15384615384615385 0.057692307692307696
1 0.3762019230769231 0.7716346153846154 0.18509615384615385 0.23076923076923078
1 0.32091346153846156 0.6322115384615384 0.18509615384615385 0.23076923076923078
1 0.23918269230769232 0.5961538461538461 0.18509615384615385 0.23076923076923078
0 0.24158653846153846 0.2848557692307692 0.0673076923076923 0.10096153846153846
0 0.6129807692307693 0.171875 0.052884615384615384 0.08173076923076923
1 0.08052884615384616 0.6418269230769231 0.15865384615384615 0.21634615384615385