1 0.8677884615384616 0.4495192307692308 0.17307692307692307 0.19951923076923078
1 0.9050480769230769 0.17548076923076922 0.15144230769230768 0.20432692307692307
1 0.8737980769230769 0.8377403846153846 0.17548076923076922 0.20673076923076922
1 0.7427884615384616 0.7668269230769231 0.17548076923076922 0.20673076923076922
1 0.6634615384615384 0.6262019230769231 0.18028846153846154 0.25240384615384615
1 0.5372596153846154 0.8197115384615384 0.15144230769230768 0.1971153846153846
1 0.37259615384615385 0.7019230769230769 0.16105769230769232 0.1875
1 0.390625 0.23557692307692307 0.19230769230769232 0.23076923076923078
1 0.6322115384615384 0.10576923076923077 0.20432692307692307 0.20673076923076922
1 0.6526442307692307 0.32572115384615385 0.17067307692307693 0.19230769230769232
1 0.6129807692307693 0.39783653846153844 0.13942307692307693 0.16346153846153846
1 0.2764423076923077 0.08052884615384616 0.23557692307692307 0.15625
1 0.09254807692307693 0.5432692307692307 0.1778846153846154 0.1658653846153846
1 0.20072115384615385 0.3401442307692308 0.12980769230769232 0.17307692307692307
1 0.12740384615384615 0.3076923076923077 0.14903846153846154 0.22115384615384615
2 0.13221153846153846 0.796875 0.2620192307692308 0.38461538461538464
0 0.3004807692307692 0.5552884615384616 0.10817307692307693 0.15384615384615385
0 0.8581730769230769 0.28125 0.06971153846153846 0.09134615384615384
0 0.7848557692307693 0.09254807692307693 0.08173076923076923 0.08173076923076923