1 0.28966346153846156 0.2704326923076923 0.1466346153846154 0.18509615384615385
1 0.25600961538461536 0.0829326923076923 0.15384615384615385 0.16105769230769232
1 0.6694711538461539 0.5336538461538461 0.17307692307692307 0.23557692307692307
1 0.8329326923076923 0.34375 0.14423076923076922 0.19230769230769232
1 0.7439903846153846 0.9338942307692307 0.14182692307692307 0.12740384615384615
1 0.8425480769230769 0.8076923076923077 0.18269230769230768 0.21634615384615385
1 0.18990384615384615 0.6826923076923077 0.15384615384615385 0.19230769230769232
1 0.4951923076923077 0.6358173076923077 0.16346153846153846 0.20192307692307693
1 0.890625 0.9603365384615384 0.1658653846153846 0.07451923076923077
1 0.9399038461538461 0.6394230769230769 0.11538461538461539 0.21875
1 0.9627403846153846 0.28125 0.06971153846153846 0.18509615384615385
1 0.9122596153846154 0.09254807692307693 0.17307692307692307 0.18028846153846154
1 0.5120192307692307 0.8918269230769231 0.20673076923076922 0.2091346153846154
2 0.45913461538461536 0.15745192307692307 0.22355769230769232 0.3125
0 0.46033653846153844 0.3449519230769231 0.0673076923076923 0.09375