1 0.30649038461538464 0.21754807692307693 0.21153846153846154 0.16826923076923078
1 0.8894230769230769 0.30288461538461536 0.21634615384615385 0.1875
1 0.9170673076923077 0.46274038461538464 0.16346153846153846 0.18269230769230768
1 0.9230769230769231 0.6778846153846154 0.14903846153846154 0.19230769230769232
1 0.5733173076923077 0.07932692307692307 0.18509615384615385 0.15384615384615385
1 0.26322115384615385 0.6490384615384616 0.21634615384615385 0.16346153846153846
1 0.21514423076923078 0.49278846153846156 0.21634615384615385 0.16346153846153846
1 0.0829326923076923 0.09375 0.16105769230769232 0.14423076923076922
1 0.5348557692307693 0.3737980769230769 0.27403846153846156 0.21394230769230768
1 0.08173076923076923 0.6009615384615384 0.15865384615384615 0.16346153846153846
1 0.08173076923076923 0.7127403846153846 0.15865384615384615 0.16346153846153846
1 0.4375 0.7692307692307693 0.18509615384615385 0.15865384615384615
1 0.9326923076923077 0.8882211538461539 0.1346153846153846 0.21875
2 0.6646634615384616 0.5649038461538461 0.36538461538461536 0.37740384615384615
0 0.9483173076923077 0.20552884615384615 0.08653846153846154 0.057692307692307696