1 0.7127403846153846 0.3112980769230769 0.2548076923076923 0.19230769230769232
1 0.6550480769230769 0.6514423076923077 0.15865384615384615 0.19230769230769232
1 0.390625 0.6983173076923077 0.16826923076923078 0.19230769230769232
1 0.5072115384615384 0.5805288461538461 0.16826923076923078 0.19230769230769232
1 0.7680288461538461 0.7043269230769231 0.16346153846153846 0.25
1 0.31971153846153844 0.4831730769230769 0.16346153846153846 0.22596153846153846
1 0.5949519230769231 0.13701923076923078 0.16826923076923078 0.19230769230769232
1 0.7115384615384616 0.09375 0.16826923076923078 0.1875
1 0.8557692307692307 0.18028846153846154 0.17067307692307693 0.24759615384615385
1 0.07932692307692307 0.4879807692307692 0.15865384615384615 0.20192307692307693
1 0.05889423076923077 0.09014423076923077 0.11778846153846154 0.18028846153846154
1 0.09615384615384616 0.8990384615384616 0.17307692307692307 0.17067307692307693
1 0.96875 0.41586538461538464 0.057692307692307696 0.19230769230769232
1 0.96875 0.7584134615384616 0.057692307692307696 0.19230769230769232
1 0.8894230769230769 0.9375 0.16826923076923078 0.1201923076923077
1 0.2512019230769231 0.33052884615384615 0.16826923076923078 0.23557692307692307
2 0.3485576923076923 0.09014423076923077 0.25 0.18028846153846154
0 0.09735576923076923 0.3894230769230769 0.04807692307692308 0.057692307692307696