1 0.2403846153846154 0.6358173076923077 0.24278846153846154 0.1971153846153846
1 0.25600961538461536 0.9170673076923077 0.2283653846153846 0.16105769230769232
1 0.7884615384615384 0.203125 0.22115384615384615 0.16826923076923078
1 0.7415865384615384 0.28125 0.22115384615384615 0.16826923076923078
1 0.6286057692307693 0.36658653846153844 0.27884615384615385 0.18509615384615385
1 0.5793269230769231 0.6009615384615384 0.24519230769230768 0.20432692307692307
1 0.8978365384615384 0.7704326923076923 0.19951923076923078 0.17548076923076922
1 0.7836538461538461 0.6129807692307693 0.22115384615384615 0.18509615384615385
1 0.9098557692307693 0.4098557692307692 0.1778846153846154 0.1778846153846154
1 0.33774038461538464 0.4675480769230769 0.19951923076923078 0.15384615384615385
1 0.20192307692307693 0.453125 0.1971153846153846 0.16346153846153846
1 0.09735576923076923 0.4519230769230769 0.18990384615384615 0.16346153846153846
1 0.08413461538461539 0.2608173076923077 0.16346153846153846 0.16346153846153846
1 0.2439903846153846 0.8016826923076923 0.24519230769230768 0.17067307692307693
2 0.2247596153846154 0.11298076923076923 0.40384615384615385 0.22115384615384615
0 0.33413461538461536 0.2403846153846154 0.08173076923076923 0.0625
0 0.9447115384615384 0.5793269230769231 0.09134615384615384 0.052884615384615384