2 0.4675480769230769 0.11057692307692307 0.31490384615384615 0.21634615384615385
1 0.3641826923076923 0.2704326923076923 0.2620192307692308 0.17307692307692307
1 0.6754807692307693 0.29086538461538464 0.23076923076923078 0.12980769230769232
1 0.6670673076923077 0.3701923076923077 0.23076923076923078 0.12980769230769232
1 0.8161057692307693 0.3557692307692308 0.1875 0.11057692307692307
1 0.33413461538461536 0.53125 0.23076923076923078 0.14903846153846154
1 0.0829326923076923 0.5961538461538461 0.16346153846153846 0.17307692307692307
1 0.0829326923076923 0.6526442307692307 0.16346153846153846 0.17307692307692307
1 0.4074519230769231 0.6706730769230769 0.21875 0.15865384615384615
1 0.5120192307692307 0.8040865384615384 0.21875 0.15865384615384615
1 0.546875 0.5637019230769231 0.22115384615384615 0.1875
1 0.09975961538461539 0.8076923076923077 0.19471153846153846 0.16105769230769232
1 0.2247596153846154 0.054086538461538464 0.22596153846153846 0.10576923076923077
1 0.7584134615384616 0.04807692307692308 0.28125 0.09134615384615384
1 0.9266826923076923 0.5733173076923077 0.14182692307692307 0.21875
1 0.4098557692307692 0.8737980769230769 0.21875 0.15865384615384615
1 0.3173076923076923 0.8497596153846154 0.21875 0.15865384615384615
1 0.1935096153846154 0.8305288461538461 0.21875 0.15865384615384615
1 0.15625 0.9555288461538461 0.21634615384615385 0.08653846153846154
1 0.8557692307692307 0.9158653846153846 0.28846153846153844 0.16346153846153846
1 0.8245192307692307 0.7980769230769231 0.2692307692307692 0.18269230769230768
0 0.7884615384615384 0.5817307692307693 0.10096153846153846 0.0673076923076923
0 0.7992788461538461 0.6754807692307693 0.10096153846153846 0.0673076923076923
0 0.9350961538461539 0.5060096153846154 0.10096153846153846 0.0673076923076923
1 0.6538461538461539 0.5372596153846154 0.23076923076923078 0.1778846153846154