1 0.6478365384615384 0.359375 0.20192307692307693 0.23798076923076922
1 0.484375 0.28846153846153844 0.17067307692307693 0.2644230769230769
1 0.3329326923076923 0.24879807692307693 0.15865384615384615 0.17307692307692307
1 0.29086538461538464 0.1778846153846154 0.17307692307692307 0.1778846153846154
1 0.07451923076923077 0.10697115384615384 0.14903846153846154 0.2091346153846154
1 0.1935096153846154 0.7127403846153846 0.125 0.20192307692307693
1 0.9134615384615384 0.5817307692307693 0.15384615384615385 0.22355769230769232
1 0.7824519230769231 0.13221153846153846 0.1658653846153846 0.2091346153846154
1 0.7740384615384616 0.7800480769230769 0.17548076923076922 0.22115384615384615
1 0.546875 0.7992788461538461 0.14423076923076922 0.18509615384615385
1 0.46875 0.8461538461538461 0.14182692307692307 0.1971153846153846
2 0.3629807692307692 0.5264423076923077 0.32211538461538464 0.47115384615384615