1 0.9026442307692307 0.25600961538461536 0.1658653846153846 0.2548076923076923
1 0.7716346153846154 0.9098557692307693 0.16826923076923078 0.17548076923076922
1 0.38341346153846156 0.2403846153846154 0.16826923076923078 0.25961538461538464
1 0.2704326923076923 0.11057692307692307 0.1971153846153846 0.22115384615384615
1 0.09254807692307693 0.10216346153846154 0.18509615384615385 0.20432692307692307
1 0.5985576923076923 0.10817307692307693 0.18509615384615385 0.20673076923076922
1 0.18028846153846154 0.6646634615384616 0.16826923076923078 0.21153846153846154
1 0.23317307692307693 0.9206730769230769 0.15384615384615385 0.15384615384615385
0 0.8882211538461539 0.8100961538461539 0.08173076923076923 0.0889423076923077
0 0.3629807692307692 0.7043269230769231 0.052884615384615384 0.08173076923076923
2 0.5709134615384616 0.41346153846153844 0.36538461538461536 0.46153846153846156
1 0.5516826923076923 0.9098557692307693 0.1778846153846154 0.17548076923076922
1 0.9170673076923077 0.9338942307692307 0.16346153846153846 0.12740384615384615