0 0.7007211538461539 0.5576923076923077 0.09134615384615384 0.09615384615384616
2 0.6466346153846154 0.15504807692307693 0.19230769230769232 0.17307692307692307
1 0.4362980769230769 0.6826923076923077 0.16826923076923078 0.22115384615384615
1 0.7151442307692307 0.8365384615384616 0.16826923076923078 0.22115384615384615
1 0.8822115384615384 0.8088942307692307 0.16826923076923078 0.22115384615384615
1 0.7980769230769231 0.45913461538461536 0.16826923076923078 0.22355769230769232
1 0.8305288461538461 0.11778846153846154 0.16826923076923078 0.22355769230769232
1 0.5324519230769231 0.39302884615384615 0.16826923076923078 0.22115384615384615
0 0.6081730769230769 0.2536057692307692 0.052884615384615384 0.06490384615384616
1 0.1466346153846154 0.3112980769230769 0.16826923076923078 0.22355769230769232
1 0.0625 0.3161057692307692 0.12259615384615384 0.21153846153846154
1 0.2091346153846154 0.5432692307692307 0.16826923076923078 0.22115384615384615
1 0.30649038461538464 0.3786057692307692 0.16826923076923078 0.22115384615384615
1 0.3088942307692308 0.12620192307692307 0.16826923076923078 0.22115384615384615
1 0.30528846153846156 0.12980769230769232 0.16826923076923078 0.22115384615384615
1 0.2536057692307692 0.8028846153846154 0.16826923076923078 0.22115384615384615
1 0.8028846153846154 0.765625 0.16826923076923078 0.22115384615384615
1 0.9447115384615384 0.3605769230769231 0.10817307692307693 0.21153846153846154
1 0.18028846153846154 0.10216346153846154 0.17067307692307693 0.19951923076923078
1 0.08413461538461539 0.6213942307692307 0.16346153846153846 0.22115384615384615
1 0.14783653846153846 0.9002403846153846 0.17067307692307693 0.1971153846153846
1 0.3425480769230769 0.9002403846153846 0.17067307692307693 0.1971153846153846
0 0.15264423076923078 0.6995192307692307 0.055288461538461536 0.0673076923076923