2 0.4110576923076923 0.47115384615384615 0.3076923076923077 0.23076923076923078
1 0.6165865384615384 0.31009615384615385 0.20192307692307693 0.16346153846153846
1 0.18990384615384615 0.19591346153846154 0.21875 0.19230769230769232
1 0.6105769230769231 0.04567307692307692 0.23076923076923078 0.09134615384615384
1 0.7211538461538461 0.12259615384615384 0.21634615384615385 0.19230769230769232
1 0.8810096153846154 0.15504807692307693 0.21634615384615385 0.19230769230769232
1 0.9074519230769231 0.5757211538461539 0.18028846153846154 0.11778846153846154
1 0.75 0.5564903846153846 0.20673076923076922 0.20192307692307693
1 0.7331730769230769 0.43990384615384615 0.25 0.20673076923076922
1 0.10096153846153846 0.4182692307692308 0.1971153846153846 0.19471153846153846
1 0.26802884615384615 0.6237980769230769 0.19471153846153846 0.14903846153846154
1 0.45913461538461536 0.6838942307692307 0.19471153846153846 0.14903846153846154
1 0.07211538461538461 0.7788461538461539 0.13942307692307693 0.15865384615384615
1 0.8978365384615384 0.7728365384615384 0.19951923076923078 0.20432692307692307
0 0.13701923076923078 0.5949519230769231 0.08413461538461539 0.06971153846153846
0 0.2439903846153846 0.3858173076923077 0.08413461538461539 0.06971153846153846
1 0.2776442307692308 0.9242788461538461 0.23798076923076922 0.14423076923076922
1 0.6237980769230769 0.9555288461538461 0.23076923076923078 0.08653846153846154
1 0.7560096153846154 0.9002403846153846 0.23076923076923078 0.15144230769230768