1 0.5444711538461539 0.9050480769230769 0.17307692307692307 0.1875
1 0.09134615384615384 0.43028846153846156 0.18269230769230768 0.27403846153846156
1 0.13701923076923078 0.171875 0.14423076923076922 0.24759615384615385
1 0.056490384615384616 0.12740384615384615 0.11298076923076923 0.25
1 0.328125 0.5853365384615384 0.17307692307692307 0.2091346153846154
1 0.6862980769230769 0.6322115384615384 0.17307692307692307 0.2091346153846154
1 0.8689903846153846 0.23798076923076922 0.16826923076923078 0.22355769230769232
1 0.453125 0.484375 0.15865384615384615 0.20432692307692307
1 0.140625 0.8641826923076923 0.15865384615384615 0.22355769230769232
2 0.6574519230769231 0.3233173076923077 0.3269230769230769 0.43509615384615385
0 0.9783653846153846 0.7067307692307693 0.040865384615384616 0.07211538461538461
0 0.9146634615384616 0.07451923076923077 0.055288461538461536 0.0889423076923077