1 0.6454326923076923 0.6706730769230769 0.16826923076923078 0.2644230769230769
1 0.8161057692307693 0.7175480769230769 0.18028846153846154 0.25721153846153844
1 0.46153846153846156 0.45913461538461536 0.1875 0.2980769230769231
1 0.12740384615384615 0.2403846153846154 0.1778846153846154 0.22596153846153846
1 0.5120192307692307 0.8040865384615384 0.15865384615384615 0.21875
1 0.7439903846153846 0.9350961538461539 0.15625 0.125
1 0.17067307692307693 0.5492788461538461 0.15865384615384615 0.21875
1 0.10697115384615384 0.8449519230769231 0.19230769230769232 0.25
1 0.9387019230769231 0.5432692307692307 0.11778846153846154 0.2403846153846154
1 0.28365384615384615 0.23076923076923078 0.13942307692307693 0.20673076923076922
1 0.32091346153846156 0.7127403846153846 0.15865384615384615 0.21875
2 0.6346153846153846 0.1778846153846154 0.32211538461538464 0.35096153846153844