1 0.3329326923076923 0.31971153846153844 0.24519230769230768 0.19230769230769232
1 0.5673076923076923 0.2620192307692308 0.20192307692307693 0.16346153846153846
1 0.8966346153846154 0.0985576923076923 0.20192307692307693 0.19230769230769232
1 0.828125 0.8173076923076923 0.20673076923076922 0.16346153846153846
1 0.20432692307692307 0.8209134615384616 0.21153846153846154 0.16826923076923078
1 0.13822115384615385 0.5372596153846154 0.22115384615384615 0.18269230769230768
1 0.43509615384615385 0.10697115384615384 0.24519230769230768 0.2091346153846154
1 0.6634615384615384 0.06129807692307692 0.20673076923076922 0.11778846153846154
1 0.41586538461538464 0.7776442307692307 0.21153846153846154 0.16826923076923078
1 0.8341346153846154 0.6670673076923077 0.21634615384615385 0.18509615384615385
2 0.6370192307692307 0.47475961538461536 0.47836538461538464 0.3605769230769231