2 0.41947115384615385 0.30528846153846156 0.30288461538461536 0.27403846153846156
1 0.7295673076923077 0.5060096153846154 0.25240384615384615 0.21153846153846154
1 0.5721153846153846 0.14423076923076922 0.21153846153846154 0.15865384615384615
1 0.7620192307692307 0.11899038461538461 0.23076923076923078 0.22596153846153846
1 0.15625 0.4014423076923077 0.22596153846153846 0.17067307692307693
1 0.12980769230769232 0.27403846153846156 0.22596153846153846 0.17067307692307693
1 0.13341346153846154 0.21153846153846154 0.22596153846153846 0.17067307692307693
1 0.13341346153846154 0.09735576923076923 0.22596153846153846 0.17067307692307693
1 0.2403846153846154 0.5949519230769231 0.22596153846153846 0.17067307692307693
1 0.2512019230769231 0.7764423076923077 0.22596153846153846 0.17067307692307693
1 0.49158653846153844 0.890625 0.22596153846153846 0.17067307692307693
1 0.8966346153846154 0.8858173076923077 0.20192307692307693 0.19951923076923078
1 0.9146634615384616 0.6923076923076923 0.1658653846153846 0.20192307692307693
1 0.9146634615384616 0.27403846153846156 0.1658653846153846 0.20192307692307693
1 0.7692307692307693 0.30528846153846156 0.21394230769230768 0.1971153846153846
0 0.953125 0.03365384615384615 0.0889423076923077 0.0673076923076923
0 0.3545673076923077 0.9423076923076923 0.06971153846153846 0.06009615384615385
1 0.5384615384615384 0.7283653846153846 0.25240384615384615 0.21153846153846154
1 0.08533653846153846 0.8834134615384616 0.16826923076923078 0.14903846153846154