1 0.3557692307692308 0.09375 0.21634615384615385 0.17307692307692307
1 0.10817307692307693 0.5144230769230769 0.21153846153846154 0.17307692307692307
1 0.19951923076923078 0.7259615384615384 0.23557692307692307 0.1778846153846154
1 0.5709134615384616 0.9290865384615384 0.23076923076923078 0.13942307692307693
1 0.5925480769230769 0.7668269230769231 0.20673076923076922 0.15625
1 0.44591346153846156 0.49038461538461536 0.22115384615384615 0.16826923076923078
1 0.6262019230769231 0.49399038461538464 0.2548076923076923 0.16826923076923078
1 0.7620192307692307 0.4074519230769231 0.19230769230769232 0.18509615384615385
1 0.8918269230769231 0.5396634615384616 0.21153846153846154 0.1875
1 0.47475961538461536 0.27884615384615385 0.28846153846153844 0.21875
1 0.38221153846153844 0.8209134615384616 0.24759615384615385 0.21394230769230768
1 0.26802884615384615 0.41586538461538464 0.21634615384615385 0.17307692307692307
2 0.8557692307692307 0.7764423076923077 0.28365384615384615 0.34134615384615385