1 0.14423076923076922 0.7139423076923077 0.20432692307692307 0.19230769230769232
1 0.10576923076923077 0.9074519230769231 0.20192307692307693 0.18028846153846154
1 0.7259615384615384 0.6057692307692307 0.20432692307692307 0.19230769230769232
1 0.8173076923076923 0.3088942307692308 0.23798076923076922 0.19230769230769232
1 0.5673076923076923 0.2800480769230769 0.2403846153846154 0.15384615384615385
1 0.38341346153846156 0.0673076923076923 0.28365384615384615 0.12980769230769232
1 0.48677884615384615 0.7331730769230769 0.22596153846153846 0.16346153846153846
1 0.28846153846153844 0.5697115384615384 0.22596153846153846 0.16346153846153846
1 0.25600961538461536 0.875 0.1971153846153846 0.1658653846153846
1 0.8497596153846154 0.5012019230769231 0.2644230769230769 0.1875
2 0.28725961538461536 0.3798076923076923 0.2932692307692308 0.21634615384615385
0 0.5625 0.7956730769230769 0.07211538461538461 0.052884615384615384
2 0.6923076923076923 0.06490384615384616 0.27403846153846156 0.12740384615384615