1 0.7596153846153846 0.8545673076923077 0.14903846153846154 0.1778846153846154
1 0.5192307692307693 0.7800480769230769 0.1658653846153846 0.20432692307692307
1 0.28966346153846156 0.7151442307692307 0.16346153846153846 0.17307692307692307
1 0.09615384615384616 0.7319711538461539 0.125 0.2620192307692308
1 0.8557692307692307 0.5612980769230769 0.18028846153846154 0.2692307692307692
1 0.5384615384615384 0.5709134615384616 0.16346153846153846 0.20432692307692307
1 0.4266826923076923 0.5625 0.14423076923076922 0.20432692307692307
1 0.5072115384615384 0.22956730769230768 0.1658653846153846 0.20432692307692307
1 0.5901442307692307 0.35697115384615385 0.18028846153846154 0.21153846153846154
1 0.6947115384615384 0.4519230769230769 0.18028846153846154 0.21153846153846154
1 0.8762019230769231 0.2668269230769231 0.18028846153846154 0.21153846153846154
1 0.25841346153846156 0.5432692307692307 0.15384615384615385 0.19230769230769232
1 0.18990384615384615 0.5216346153846154 0.15384615384615385 0.19230769230769232
1 0.25600961538461536 0.33052884615384615 0.18509615384615385 0.19951923076923078
1 0.38461538461538464 0.1310096153846154 0.18509615384615385 0.19951923076923078
1 0.3629807692307692 0.8990384615384616 0.23076923076923078 0.1971153846153846
1 0.7283653846153846 0.2548076923076923 0.14903846153846154 0.18028846153846154
1 0.7079326923076923 0.14783653846153846 0.14903846153846154 0.18028846153846154
2 0.18870192307692307 0.09975961538461539 0.3125 0.1971153846153846