1 0.28365384615384615 0.44711538461538464 0.22115384615384615 0.17307692307692307
1 0.3293269230769231 0.5817307692307693 0.18269230769230768 0.14423076923076922
1 0.7884615384615384 0.8581730769230769 0.2692307692307692 0.14182692307692307
1 0.6526442307692307 0.07692307692307693 0.22115384615384615 0.15144230769230768
1 0.5625 0.6502403846153846 0.22596153846153846 0.1778846153846154
1 0.5528846153846154 0.5216346153846154 0.21153846153846154 0.15865384615384615
1 0.5432692307692307 0.42427884615384615 0.19951923076923078 0.16105769230769232
1 0.12740384615384615 0.6634615384615384 0.19951923076923078 0.16105769230769232
1 0.4963942307692308 0.9423076923076923 0.21875 0.11057692307692307
1 0.3245192307692308 0.7019230769230769 0.19951923076923078 0.16105769230769232
1 0.6574519230769231 0.21394230769230768 0.22596153846153846 0.15384615384615385
1 0.39663461538461536 0.16105769230769232 0.23557692307692307 0.19230769230769232
1 0.1935096153846154 0.22355769230769232 0.23557692307692307 0.19230769230769232
2 0.8185096153846154 0.40865384615384615 0.3581730769230769 0.3942307692307692