1 0.12980769230769232 0.8293269230769231 0.21153846153846154 0.22596153846153846
1 0.7103365384615384 0.6850961538461539 0.23317307692307693 0.22596153846153846
1 0.4567307692307692 0.41586538461538464 0.20432692307692307 0.21634615384615385
1 0.30288461538461536 0.23197115384615385 0.23317307692307693 0.16346153846153846
1 0.09134615384615384 0.14543269230769232 0.1778846153846154 0.1778846153846154
1 0.21995192307692307 0.39903846153846156 0.22596153846153846 0.18269230769230768
1 0.27524038461538464 0.5360576923076923 0.2644230769230769 0.20673076923076922
1 0.49278846153846156 0.6394230769230769 0.22596153846153846 0.18269230769230768
1 0.8990384615384616 0.0829326923076923 0.1971153846153846 0.1658653846153846
1 0.5096153846153846 0.7980769230769231 0.22596153846153846 0.16826923076923078
1 0.9158653846153846 0.6598557692307693 0.16346153846153846 0.18509615384615385
1 0.6646634615384616 0.036057692307692304 0.3004807692307692 0.07211538461538461
2 0.7644230769230769 0.3389423076923077 0.46634615384615385 0.40384615384615385