1 0.8413461538461539 0.17307692307692307 0.22596153846153846 0.1778846153846154
1 0.5985576923076923 0.11899038461538461 0.2644230769230769 0.17307692307692307
1 0.18990384615384615 0.47716346153846156 0.2644230769230769 0.17307692307692307
1 0.140625 0.22355769230769232 0.19230769230769232 0.16826923076923078
1 0.1141826923076923 0.28725961538461536 0.19230769230769232 0.16826923076923078
1 0.3245192307692308 0.04927884615384615 0.23076923076923078 0.09375
1 0.3629807692307692 0.6394230769230769 0.2091346153846154 0.14903846153846154
1 0.6129807692307693 0.7163461538461539 0.2091346153846154 0.17307692307692307
1 0.9026442307692307 0.7584134615384616 0.18990384615384615 0.18028846153846154
1 0.8581730769230769 0.5084134615384616 0.2091346153846154 0.17307692307692307
1 0.7860576923076923 0.8545673076923077 0.23557692307692307 0.18269230769230768
2 0.53125 0.4254807692307692 0.44711538461538464 0.36538461538461536