1 0.8173076923076923 0.9122596153846154 0.22115384615384615 0.17067307692307693
1 0.5973557692307693 0.9158653846153846 0.2091346153846154 0.16346153846153846
1 0.3942307692307692 0.8004807692307693 0.23076923076923078 0.1875
1 0.23076923076923078 0.9074519230769231 0.22596153846153846 0.18028846153846154
1 0.19471153846153846 0.703125 0.18990384615384615 0.19230769230769232
1 0.19230769230769232 0.5456730769230769 0.21153846153846154 0.1971153846153846
1 0.16947115384615385 0.35096153846153844 0.25 0.1778846153846154
1 0.18870192307692307 0.21995192307692307 0.1875 0.17067307692307693
1 0.4026442307692308 0.203125 0.24519230769230768 0.16826923076923078
1 0.5120192307692307 0.11298076923076923 0.17307692307692307 0.20673076923076922
1 0.7019230769230769 0.14783653846153846 0.18269230769230768 0.21153846153846154
1 0.8665865384615384 0.41346153846153844 0.21634615384615385 0.1875
1 0.90625 0.13942307692307693 0.18269230769230768 0.1971153846153846
1 0.7427884615384616 0.6586538461538461 0.3004807692307692 0.20673076923076922
2 0.5480769230769231 0.4567307692307692 0.4951923076923077 0.3798076923076923