1 0.46033653846153844 0.8713942307692307 0.22596153846153846 0.1658653846153846
1 0.22596153846153846 0.6706730769230769 0.22596153846153846 0.1658653846153846
1 0.2764423076923077 0.8197115384615384 0.17067307692307693 0.16105769230769232
1 0.5360576923076923 0.7007211538461539 0.24278846153846154 0.1875
1 0.39663461538461536 0.5709134615384616 0.24759615384615385 0.21634615384615385
1 0.8966346153846154 0.24519230769230768 0.20192307692307693 0.19230769230769232
1 0.9278846153846154 0.12259615384615384 0.13942307692307693 0.17067307692307693
1 0.6658653846153846 0.2548076923076923 0.23557692307692307 0.22115384615384615
1 0.37259615384615385 0.1466346153846154 0.23557692307692307 0.17067307692307693
1 0.1622596153846154 0.9074519230769231 0.24278846153846154 0.18028846153846154
1 0.4651442307692308 0.3894230769230769 0.2692307692307692 0.17067307692307693
2 0.8149038461538461 0.6778846153846154 0.36538461538461536 0.40865384615384615
0 0.1346153846153846 0.7644230769230769 0.07211538461538461 0.055288461538461536