1 0.5865384615384616 0.7271634615384616 0.22355769230769232 0.16346153846153846
1 0.6153846153846154 0.49038461538461536 0.22355769230769232 0.16346153846153846
1 0.8389423076923077 0.4483173076923077 0.22355769230769232 0.16346153846153846
1 0.7608173076923077 0.6274038461538461 0.20673076923076922 0.15144230769230768
1 0.875 0.7632211538461539 0.20673076923076922 0.15144230769230768
1 0.375 0.7079326923076923 0.20673076923076922 0.15144230769230768
1 0.1935096153846154 0.5997596153846154 0.20432692307692307 0.17307692307692307
1 0.40625 0.5444711538461539 0.20432692307692307 0.17307692307692307
1 0.34134615384615385 0.125 0.24519230769230768 0.17307692307692307
1 0.8689903846153846 0.12259615384615384 0.24519230769230768 0.17307692307692307
1 0.7139423076923077 0.25841346153846156 0.23076923076923078 0.21634615384615385
1 0.2824519230769231 0.8629807692307693 0.24519230769230768 0.17307692307692307
1 0.5012019230769231 0.8966346153846154 0.24519230769230768 0.17307692307692307
2 0.13701923076923078 0.3389423076923077 0.27403846153846156 0.3605769230769231