1 0.6322115384615384 0.3894230769230769 0.22115384615384615 0.21634615384615385
1 0.5997596153846154 0.90625 0.22596153846153846 0.18269230769230768
1 0.3401442307692308 0.8689903846153846 0.23798076923076922 0.18269230769230768
1 0.09735576923076923 0.9074519230769231 0.19230769230769232 0.17307692307692307
1 0.3137019230769231 0.6730769230769231 0.19230769230769232 0.17307692307692307
1 0.5216346153846154 0.7115384615384616 0.19230769230769232 0.16346153846153846
1 0.41947115384615385 0.5120192307692307 0.2692307692307692 0.13701923076923078
1 0.8894230769230769 0.4855769230769231 0.20673076923076922 0.16346153846153846
1 0.8245192307692307 0.7800480769230769 0.22596153846153846 0.19471153846153846
1 0.5396634615384616 0.08173076923076923 0.23798076923076922 0.15865384615384615
1 0.3173076923076923 0.08173076923076923 0.23557692307692307 0.15865384615384615
1 0.7644230769230769 0.25841346153846156 0.23317307692307693 0.16105769230769232
1 0.6682692307692307 0.5793269230769231 0.23317307692307693 0.16105769230769232
1 0.06370192307692307 0.12139423076923077 0.12259615384615384 0.19230769230769232
2 0.13221153846153846 0.6009615384615384 0.25961538461538464 0.3557692307692308