1 0.6730769230769231 0.42788461538461536 0.14903846153846154 0.23076923076923078
1 0.4855769230769231 0.9074519230769231 0.1778846153846154 0.18269230769230768
1 0.6382211538461539 0.8725961538461539 0.1778846153846154 0.21153846153846154
1 0.5637019230769231 0.6875 0.20192307692307693 0.23557692307692307
1 0.14783653846153846 0.7367788461538461 0.20192307692307693 0.23557692307692307
1 0.20552884615384615 0.4675480769230769 0.15865384615384615 0.2283653846153846
1 0.7019230769230769 0.11899038461538461 0.21634615384615385 0.23798076923076922
1 0.7764423076923077 0.9110576923076923 0.15384615384615385 0.17307692307692307
1 0.7319711538461539 0.6454326923076923 0.1466346153846154 0.24759615384615385
1 0.4206730769230769 0.06370192307692307 0.17307692307692307 0.12740384615384615
2 0.4362980769230769 0.3485576923076923 0.39903846153846156 0.5144230769230769