1 0.31009615384615385 0.9411057692307693 0.25961538461538464 0.11298076923076923
1 0.640625 0.8245192307692307 0.2692307692307692 0.1778846153846154
1 0.4254807692307692 0.40625 0.22115384615384615 0.14423076923076922
1 0.37740384615384615 0.6033653846153846 0.1778846153846154 0.18509615384615385
1 0.21995192307692307 0.46634615384615385 0.21875 0.1971153846153846
1 0.13942307692307693 0.6610576923076923 0.21875 0.19951923076923078
1 0.8846153846153846 0.38341346153846156 0.21153846153846154 0.15625
1 0.7235576923076923 0.27163461538461536 0.18269230769230768 0.20673076923076922
1 0.09735576923076923 0.2091346153846154 0.18990384615384615 0.18269230769230768
1 0.33052884615384615 0.22115384615384615 0.22115384615384615 0.20673076923076922
1 0.09375 0.8966346153846154 0.18269230769230768 0.19471153846153846
1 0.875 0.6935096153846154 0.21153846153846154 0.15625
1 0.5793269230769231 0.12620192307692307 0.21153846153846154 0.15625
1 0.9158653846153846 0.1814903846153846 0.16346153846153846 0.16105769230769232
2 0.6682692307692307 0.5588942307692307 0.47836538461538464 0.33653846153846156