1 0.7752403846153846 0.2620192307692308 0.20673076923076922 0.17307692307692307
1 0.6418269230769231 0.1935096153846154 0.20673076923076922 0.17307692307692307
1 0.9242788461538461 0.5036057692307693 0.1466346153846154 0.18028846153846154
1 0.8353365384615384 0.46274038461538464 0.14903846153846154 0.1778846153846154
1 0.15985576923076922 0.19951923076923078 0.1971153846153846 0.17307692307692307
1 0.46033653846153844 0.9098557692307693 0.21153846153846154 0.17307692307692307
1 0.7367788461538461 0.7223557692307693 0.21153846153846154 0.17307692307692307
1 0.41466346153846156 0.12860576923076922 0.23557692307692307 0.16346153846153846
1 0.8353365384615384 0.9194711538461539 0.2956730769230769 0.15625
2 0.24519230769230768 0.5733173076923077 0.40384615384615385 0.34134615384615385
0 0.6814903846153846 0.5216346153846154 0.08173076923076923 0.0625
0 0.5769230769230769 0.3641826923076923 0.08173076923076923 0.0625