1 0.17427884615384615 0.23798076923076922 0.27884615384615385 0.18269230769230768
1 0.4206730769230769 0.7151442307692307 0.21875 0.15384615384615385
1 0.07932692307692307 0.5384615384615384 0.15865384615384615 0.17548076923076922
1 0.39302884615384615 0.5084134615384616 0.23076923076923078 0.1778846153846154
1 0.49399038461538464 0.10336538461538461 0.20192307692307693 0.1778846153846154
1 0.5997596153846154 0.2824519230769231 0.16826923076923078 0.18269230769230768
1 0.38461538461538464 0.2920673076923077 0.19951923076923078 0.16346153846153846
1 0.6081730769230769 0.8545673076923077 0.24759615384615385 0.16105769230769232
1 0.2608173076923077 0.05889423076923077 0.25240384615384615 0.11778846153846154
1 0.17067307692307693 0.6009615384615384 0.25 0.20432692307692307
1 0.9362980769230769 0.5661057692307693 0.12259615384615384 0.21634615384615385
2 0.6802884615384616 0.5865384615384616 0.4423076923076923 0.3317307692307692