1 0.8798076923076923 0.39663461538461536 0.1875 0.18028846153846154
1 0.8401442307692307 0.5588942307692307 0.24519230769230768 0.16826923076923078
1 0.3918269230769231 0.4338942307692308 0.21153846153846154 0.14182692307692307
1 0.5576923076923077 0.13942307692307693 0.2692307692307692 0.1778846153846154
1 0.056490384615384616 0.49759615384615385 0.10817307692307693 0.14423076923076922
1 0.056490384615384616 0.6117788461538461 0.10817307692307693 0.14423076923076922
1 0.21394230769230768 0.05889423076923077 0.24519230769230768 0.11538461538461539
1 0.26802884615384615 0.23798076923076922 0.23076923076923078 0.19471153846153846
1 0.9074519230769231 0.8137019230769231 0.18028846153846154 0.18509615384615385
1 0.8774038461538461 0.8978365384615384 0.20432692307692307 0.14903846153846154
2 0.5745192307692307 0.6778846153846154 0.27403846153846156 0.20192307692307693
0 0.7295673076923077 0.020432692307692308 0.09134615384615384 0.038461538461538464
0 0.6213942307692307 0.006009615384615385 0.09134615384615384 0.009615384615384616
0 0.12259615384615384 0.12139423076923077 0.09134615384615384 0.052884615384615384