1 0.4326923076923077 0.3762019230769231 0.20432692307692307 0.2403846153846154
1 0.21875 0.5264423076923077 0.15865384615384615 0.21153846153846154
1 0.07932692307692307 0.0985576923076923 0.15625 0.1971153846153846
1 0.14783653846153846 0.30288461538461536 0.19951923076923078 0.2091346153846154
1 0.5336538461538461 0.6358173076923077 0.15384615384615385 0.18509615384615385
1 0.4891826923076923 0.7668269230769231 0.16826923076923078 0.2403846153846154
1 0.4651442307692308 0.8810096153846154 0.17067307692307693 0.23317307692307693
1 0.7223557692307693 0.5661057692307693 0.18990384615384615 0.18269230769230768
1 0.8762019230769231 0.9326923076923077 0.18269230769230768 0.12980769230769232
1 0.8040865384615384 0.7644230769230769 0.22596153846153846 0.2548076923076923
1 0.6322115384615384 0.8930288461538461 0.17067307692307693 0.2091346153846154
1 0.9098557692307693 0.10216346153846154 0.17548076923076922 0.19951923076923078
1 0.3173076923076923 0.8353365384615384 0.1658653846153846 0.22596153846153846
1 0.5769230769230769 0.12379807692307693 0.1658653846153846 0.22596153846153846
1 0.13341346153846154 0.6862980769230769 0.1658653846153846 0.22596153846153846
0 0.43990384615384615 0.13942307692307693 0.0673076923076923 0.10096153846153846
0 0.027644230769230768 0.19951923076923078 0.05048076923076923 0.10576923076923077
2 0.7475961538461539 0.30649038461538464 0.32211538461538464 0.3629807692307692