1 0.28125 0.28125 0.27884615384615385 0.1971153846153846
1 0.2512019230769231 0.4987980769230769 0.1875 0.1778846153846154
1 0.5084134615384616 0.12740384615384615 0.3293269230769231 0.17307692307692307
1 0.7115384615384616 0.30408653846153844 0.23076923076923078 0.16826923076923078
1 0.0889423076923077 0.7956730769230769 0.1778846153846154 0.18990384615384615
1 0.9555288461538461 0.21153846153846154 0.08653846153846154 0.12740384615384615
1 0.8882211538461539 0.5733173076923077 0.22115384615384615 0.22115384615384615
1 0.8581730769230769 0.4182692307692308 0.21153846153846154 0.14903846153846154
1 0.4387019230769231 0.9266826923076923 0.25240384615384615 0.14182692307692307
1 0.16466346153846154 0.09254807692307693 0.25 0.16826923076923078
1 0.9350961538461539 0.038461538461538464 0.125 0.07211538461538461
2 0.5588942307692307 0.5432692307692307 0.3918269230769231 0.33413461538461536
1 0.53125 0.7680288461538461 0.1875 0.1778846153846154
1 0.796875 0.6862980769230769 0.24519230769230768 0.21153846153846154