1 0.31490384615384615 0.6730769230769231 0.1875 0.21634615384615385
1 0.17908653846153846 0.21514423076923078 0.22115384615384615 0.24519230769230768
1 0.43990384615384615 0.1346153846153846 0.17067307692307693 0.2692307692307692
1 0.9206730769230769 0.5685096153846154 0.15384615384615385 0.2668269230769231
1 0.8353365384615384 0.5120192307692307 0.19471153846153846 0.28846153846153844
1 0.6646634615384616 0.22355769230769232 0.18269230769230768 0.2668269230769231
1 0.7103365384615384 0.8064903846153846 0.20673076923076922 0.2548076923076923
1 0.5564903846153846 0.7668269230769231 0.20192307692307693 0.20673076923076922
1 0.8858173076923077 0.8822115384615384 0.2283653846153846 0.23076923076923078
1 0.32091346153846156 0.8978365384615384 0.20192307692307693 0.19951923076923078
1 0.0829326923076923 0.07692307692307693 0.16105769230769232 0.15384615384615385
1 0.9002403846153846 0.140625 0.19471153846153846 0.27163461538461536
1 0.1045673076923077 0.6346153846153846 0.16346153846153846 0.22596153846153846
1 0.046875 0.4098557692307692 0.09134615384615384 0.2548076923076923
1 0.19831730769230768 0.4362980769230769 0.2644230769230769 0.25961538461538464
2 0.5120192307692307 0.46274038461538464 0.43990384615384615 0.4735576923076923
0 0.47115384615384615 0.8846153846153846 0.0673076923076923 0.10096153846153846
0 0.7824519230769231 0.17427884615384615 0.09375 0.11057692307692307