1 0.4855769230769231 0.6754807692307693 0.22596153846153846 0.16346153846153846
1 0.46274038461538464 0.5949519230769231 0.28365384615384615 0.16826923076923078
1 0.42788461538461536 0.8665865384615384 0.24519230769230768 0.19230769230769232
1 0.21995192307692307 0.921875 0.21634615384615385 0.15384615384615385
1 0.44471153846153844 0.39302884615384615 0.24278846153846154 0.18028846153846154
1 0.6826923076923077 0.08413461538461539 0.21153846153846154 0.15144230769230768
1 0.1971153846153846 0.07211538461538461 0.21634615384615385 0.14423076923076922
1 0.8786057692307693 0.9014423076923077 0.18509615384615385 0.1466346153846154
1 0.6646634615384616 0.4254807692307692 0.1971153846153846 0.14423076923076922
1 0.125 0.1658653846153846 0.24519230769230768 0.19951923076923078
1 0.140625 0.47716346153846156 0.22115384615384615 0.20673076923076922
2 0.8209134615384616 0.6141826923076923 0.35336538461538464 0.37259615384615385