2 0.7127403846153846 0.3629807692307692 0.41346153846153844 0.3605769230769231
1 0.6887019230769231 0.5877403846153846 0.22596153846153846 0.1778846153846154
1 0.5865384615384616 0.6778846153846154 0.1971153846153846 0.15384615384615385
1 0.43990384615384615 0.9014423076923077 0.20432692307692307 0.18269230769230768
1 0.3233173076923077 0.7788461538461539 0.2692307692307692 0.22596153846153846
1 0.84375 0.9110576923076923 0.27403846153846156 0.16826923076923078
1 0.9050480769230769 0.7512019230769231 0.1875 0.17307692307692307
1 0.6009615384615384 0.051682692307692304 0.2548076923076923 0.10336538461538461
1 0.4326923076923077 0.140625 0.2548076923076923 0.18509615384615385
1 0.27403846153846156 0.5853365384615384 0.20673076923076922 0.18269230769230768
1 0.11899038461538461 0.6778846153846154 0.22596153846153846 0.1971153846153846
1 0.13942307692307693 0.057692307692307696 0.1971153846153846 0.11538461538461539
1 0.06610576923076923 0.16466346153846154 0.125 0.22596153846153846
1 0.078125 0.8954326923076923 0.15144230769230768 0.13701923076923078
1 0.7007211538461539 0.14302884615384615 0.32211538461538464 0.15865384615384615
1 0.31850961538461536 0.4254807692307692 0.2548076923076923 0.19951923076923078
0 0.3786057692307692 0.5576923076923077 0.0673076923076923 0.057692307692307696