2 0.9038461538461539 0.5432692307692307 0.1875 0.32211538461538464
1 0.7572115384615384 0.6454326923076923 0.1778846153846154 0.2692307692307692
1 0.7367788461538461 0.3269230769230769 0.1346153846153846 0.23557692307692307
1 0.6550480769230769 0.33533653846153844 0.1346153846153846 0.23557692307692307
1 0.6694711538461539 0.18269230769230768 0.11538461538461539 0.19230769230769232
1 0.49038461538461536 0.6766826923076923 0.15384615384615385 0.23798076923076922
1 0.4230769230769231 0.9242788461538461 0.1778846153846154 0.1466346153846154
1 0.36538461538461536 0.9242788461538461 0.1778846153846154 0.1466346153846154
1 0.34615384615384615 0.6009615384615384 0.16346153846153846 0.22596153846153846
1 0.2091346153846154 0.49399038461538464 0.16346153846153846 0.22596153846153846
1 0.4567307692307692 0.45913461538461536 0.19230769230769232 0.2283653846153846
1 0.20552884615384615 0.9074519230769231 0.1658653846153846 0.18028846153846154
1 0.9615384615384616 0.7896634615384616 0.07211538461538461 0.23317307692307693
1 0.9675480769230769 0.24158653846153846 0.06009615384615385 0.29086538461538464
1 0.44711538461538464 0.07091346153846154 0.22115384615384615 0.13701923076923078
1 0.13701923076923078 0.5985576923076923 0.16346153846153846 0.22355769230769232
1 0.1622596153846154 0.6947115384615384 0.16346153846153846 0.22596153846153846
1 0.18269230769230768 0.8209134615384616 0.16346153846153846 0.22596153846153846
1 0.05048076923076923 0.8605769230769231 0.09615384615384616 0.22115384615384615
1 0.09014423076923077 0.14543269230769232 0.17548076923076922 0.2860576923076923
1 0.21634615384615385 0.17307692307692307 0.18990384615384615 0.2764423076923077
0 0.4387019230769231 0.21153846153846154 0.06971153846153846 0.10096153846153846
0 0.34134615384615385 0.19951923076923078 0.06971153846153846 0.10096153846153846
0 0.5144230769230769 0.06009615384615385 0.06971153846153846 0.10096153846153846
1 0.4831730769230769 0.3485576923076923 0.18269230769230768 0.23557692307692307