1 0.7716346153846154 0.5276442307692307 0.24759615384615385 0.19471153846153846
1 0.47836538461538464 0.6838942307692307 0.1875 0.1971153846153846
1 0.8509615384615384 0.7980769230769231 0.20673076923076922 0.1778846153846154
1 0.42788461538461536 0.890625 0.2403846153846154 0.17307692307692307
1 0.734375 0.8798076923076923 0.20192307692307693 0.16826923076923078
1 0.9375 0.7403846153846154 0.1201923076923077 0.15625
1 0.8509615384615384 0.13341346153846154 0.21634615384615385 0.13942307692307693
1 0.328125 0.3858173076923077 0.21153846153846154 0.16346153846153846
1 0.09495192307692307 0.859375 0.18990384615384615 0.1658653846153846
1 0.27283653846153844 0.6646634615384616 0.20673076923076922 0.1971153846153846
1 0.10096153846153846 0.0985576923076923 0.20192307692307693 0.1658653846153846
1 0.28725961538461536 0.2127403846153846 0.19951923076923078 0.17307692307692307
1 0.09615384615384616 0.43149038461538464 0.19230769230769232 0.17307692307692307
1 0.06971153846153846 0.5973557692307693 0.13942307692307693 0.18269230769230768
1 0.09254807692307693 0.25600961538461536 0.18509615384615385 0.16105769230769232
1 0.4951923076923077 0.0733173076923077 0.20192307692307693 0.14182692307692307
2 0.6766826923076923 0.3088942307692308 0.4110576923076923 0.2956730769230769