1 0.390625 0.4411057692307692 0.24519230769230768 0.21153846153846154
1 0.5444711538461539 0.21995192307692307 0.21634615384615385 0.16346153846153846
1 0.10336538461538461 0.07932692307692307 0.20673076923076922 0.15865384615384615
1 0.31490384615384615 0.14783653846153846 0.21634615384615385 0.20673076923076922
1 0.6574519230769231 0.5444711538461539 0.18990384615384615 0.15865384615384615
1 0.7920673076923077 0.4987980769230769 0.24759615384615385 0.17307692307692307
1 0.8942307692307693 0.47475961538461536 0.20673076923076922 0.17307692307692307
1 0.5853365384615384 0.7391826923076923 0.1875 0.1971153846153846
1 0.9459134615384616 0.8966346153846154 0.10576923076923077 0.18990384615384615
1 0.7884615384615384 0.8233173076923077 0.2644230769230769 0.23557692307692307
1 0.90625 0.6466346153846154 0.18269230769230768 0.17548076923076922
1 0.10817307692307693 0.9206730769230769 0.21153846153846154 0.15384615384615385
1 0.8617788461538461 0.32091346153846156 0.23076923076923078 0.17067307692307693
1 0.13221153846153846 0.5889423076923077 0.23076923076923078 0.17067307692307693
1 0.7091346153846154 0.13221153846153846 0.23076923076923078 0.17067307692307693
0 0.1466346153846154 0.44711538461538464 0.10576923076923077 0.0673076923076923
0 0.21153846153846154 0.026442307692307692 0.11057692307692307 0.052884615384615384
2 0.31850961538461536 0.7644230769230769 0.3701923076923077 0.3317307692307692