1 0.25 0.11057692307692307 0.2548076923076923 0.19230769230769232
1 0.1466346153846154 0.3004807692307692 0.25961538461538464 0.22596153846153846
1 0.8040865384615384 0.9459134615384616 0.20432692307692307 0.10576923076923077
1 0.45072115384615385 0.8485576923076923 0.20432692307692307 0.1658653846153846
1 0.4807692307692308 0.43509615384615385 0.20432692307692307 0.17548076923076922
1 0.38221153846153844 0.35336538461538464 0.22596153846153846 0.16826923076923078
1 0.8040865384615384 0.6622596153846154 0.23557692307692307 0.17067307692307693
1 0.30649038461538464 0.8461538461538461 0.2644230769230769 0.16826923076923078
1 0.7391826923076923 0.8028846153846154 0.2403846153846154 0.15384615384615385
2 0.22355769230769232 0.59375 0.44711538461538464 0.33653846153846156
0 0.43028846153846156 0.078125 0.10096153846153846 0.07211538461538461
0 0.9182692307692307 0.9290865384615384 0.07692307692307693 0.07932692307692307