2 0.5877403846153846 0.6875 0.36538461538461536 0.27884615384615385
0 0.4326923076923077 0.8377403846153846 0.07932692307692307 0.0673076923076923
0 0.4735576923076923 0.8762019230769231 0.07932692307692307 0.0673076923076923
0 0.03125 0.4483173076923077 0.0625 0.0625
1 0.8737980769230769 0.7884615384615384 0.21875 0.1971153846153846
1 0.12139423076923077 0.11778846153846154 0.24278846153846154 0.20192307692307693
1 0.8449519230769231 0.3485576923076923 0.2932692307692308 0.1971153846153846
1 0.7620192307692307 0.19951923076923078 0.15865384615384615 0.1875
1 0.3173076923076923 0.4567307692307692 0.19230769230769232 0.18028846153846154
1 0.25721153846153844 0.5853365384615384 0.19230769230769232 0.18028846153846154
1 0.8449519230769231 0.5913461538461539 0.19230769230769232 0.18028846153846154
1 0.75 0.5132211538461539 0.22596153846153846 0.18990384615384615
1 0.8930288461538461 0.06971153846153846 0.21153846153846154 0.1346153846153846
1 0.5877403846153846 0.1310096153846154 0.22355769230769232 0.21634615384615385
1 0.4338942307692308 0.11298076923076923 0.18509615384615385 0.1875
1 0.4026442307692308 0.32211538461538464 0.19951923076923078 0.1875
1 0.359375 0.7391826923076923 0.20432692307692307 0.20432692307692307
1 0.22596153846153846 0.8870192307692307 0.20432692307692307 0.20432692307692307