2 0.3762019230769231 0.46274038461538464 0.34615384615384615 0.25961538461538464
1 0.8725961538461539 0.5288461538461539 0.23076923076923078 0.23317307692307693
1 0.6394230769230769 0.40384615384615385 0.2548076923076923 0.18509615384615385
1 0.7115384615384616 0.15384615384615385 0.2548076923076923 0.18509615384615385
1 0.5757211538461539 0.22235576923076922 0.2548076923076923 0.18509615384615385
1 0.4206730769230769 0.25600961538461536 0.2548076923076923 0.18509615384615385
1 0.375 0.16346153846153846 0.21634615384615385 0.15865384615384615
1 0.25961538461538464 0.16706730769230768 0.21634615384615385 0.15865384615384615
1 0.15504807692307693 0.203125 0.21634615384615385 0.15865384615384615
1 0.24639423076923078 0.08173076923076923 0.21634615384615385 0.15865384615384615
1 0.8665865384615384 0.9387019230769231 0.25240384615384615 0.11778846153846154
1 0.8894230769230769 0.7896634615384616 0.21634615384615385 0.19951923076923078
1 0.8834134615384616 0.21995192307692307 0.2283653846153846 0.21875
0 0.9411057692307693 0.3401442307692308 0.11298076923076923 0.07451923076923077
0 0.08774038461538461 0.640625 0.07211538461538461 0.0673076923076923
1 0.6622596153846154 0.6177884615384616 0.23076923076923078 0.15625
1 0.578125 0.8918269230769231 0.23076923076923078 0.15625
1 0.07211538461538461 0.8689903846153846 0.13942307692307693 0.14423076923076922
1 0.07211538461538461 0.7391826923076923 0.13942307692307693 0.14423076923076922
1 0.12860576923076922 0.9242788461538461 0.18990384615384615 0.1466346153846154