1 0.0985576923076923 0.6850961538461539 0.1658653846153846 0.25721153846153844
1 0.07932692307692307 0.8942307692307693 0.15384615384615385 0.20673076923076922
1 0.2536057692307692 0.9194711538461539 0.20192307692307693 0.15865384615384615
1 0.5132211538461539 0.875 0.1875 0.24278846153846154
1 0.6598557692307693 0.5084134615384616 0.1875 0.25
1 0.1935096153846154 0.32211538461538464 0.15865384615384615 0.22115384615384615
1 0.06850961538461539 0.20673076923076922 0.13221153846153846 0.24519230769230768
1 0.34134615384615385 0.17307692307692307 0.15625 0.23798076923076922
1 0.5132211538461539 0.23798076923076922 0.15865384615384615 0.21634615384615385
1 0.703125 0.25841346153846156 0.18269230769230768 0.21875
1 0.8810096153846154 0.1045673076923077 0.18269230769230768 0.20673076923076922
1 0.6850961538461539 0.765625 0.15865384615384615 0.21875
1 0.42908653846153844 0.06009615384615385 0.14903846153846154 0.11538461538461539
1 0.21394230769230768 0.06009615384615385 0.18509615384615385 0.11538461538461539
2 0.35336538461538464 0.6189903846153846 0.38461538461538464 0.4951923076923077
0 0.796875 0.5012019230769231 0.11057692307692307 0.1466346153846154
0 0.7764423076923077 0.8713942307692307 0.07451923076923077 0.0889423076923077