1 0.6286057692307693 0.19230769230769232 0.20192307692307693 0.16105769230769232
1 0.7307692307692307 0.35216346153846156 0.20192307692307693 0.13942307692307693
1 0.7367788461538461 0.4831730769230769 0.2283653846153846 0.15625
1 0.7259615384615384 0.7728365384615384 0.21634615384615385 0.17307692307692307
1 0.703125 0.9122596153846154 0.25240384615384615 0.17307692307692307
1 0.90625 0.13701923076923078 0.18269230769230768 0.16346153846153846
1 0.36177884615384615 0.23918269230769232 0.25961538461538464 0.1778846153846154
1 0.3293269230769231 0.07932692307692307 0.20192307692307693 0.15384615384615385
1 0.5276442307692307 0.6069711538461539 0.22115384615384615 0.1658653846153846
1 0.42788461538461536 0.7608173076923077 0.1875 0.16346153846153846
1 0.16346153846153846 0.9230769230769231 0.18990384615384615 0.15144230769230768
1 0.12139423076923077 0.13822115384615385 0.21634615384615385 0.1778846153846154
0 0.9519230769230769 0.6310096153846154 0.09134615384615384 0.07211538461538461
2 0.17548076923076922 0.4963942307692308 0.35096153846153844 0.3389423076923077
0 0.03245192307692308 0.1045673076923077 0.06490384615384616 0.0673076923076923