1 0.4098557692307692 0.32211538461538464 0.1466346153846154 0.18509615384615385
1 0.5805288461538461 0.7824519230769231 0.1778846153846154 0.2403846153846154
1 0.6875 0.2403846153846154 0.19471153846153846 0.25721153846153844
1 0.7800480769230769 0.10697115384615384 0.125 0.14903846153846154
1 0.4879807692307692 0.14182692307692307 0.16346153846153846 0.22596153846153846
1 0.23557692307692307 0.296875 0.14182692307692307 0.19471153846153846
1 0.08653846153846154 0.7548076923076923 0.16826923076923078 0.22115384615384615
1 0.06370192307692307 0.5456730769230769 0.125 0.20673076923076922
1 0.20432692307692307 0.5745192307692307 0.1466346153846154 0.1971153846153846
1 0.07932692307692307 0.32211538461538464 0.15625 0.1971153846153846
1 0.19471153846153846 0.9387019230769231 0.15865384615384615 0.1201923076923077
1 0.2247596153846154 0.7620192307692307 0.15865384615384615 0.20432692307692307
1 0.921875 0.4495192307692308 0.15384615384615385 0.2403846153846154
1 0.4675480769230769 0.42908653846153844 0.15865384615384615 0.21634615384615385
2 0.7980769230769231 0.6057692307692307 0.35096153846153844 0.44711538461538464
0 0.5853365384615384 0.29086538461538464 0.0625 0.07692307692307693