1 0.42788461538461536 0.6802884615384616 0.22596153846153846 0.14423076923076922
1 0.9014423076923077 0.4987980769230769 0.19230769230769232 0.17307692307692307
1 0.859375 0.6466346153846154 0.20432692307692307 0.17307692307692307
1 0.6802884615384616 0.5745192307692307 0.22596153846153846 0.1971153846153846
1 0.7271634615384616 0.171875 0.22596153846153846 0.1971153846153846
1 0.46634615384615385 0.2283653846153846 0.22115384615384615 0.15384615384615385
1 0.12259615384615384 0.7079326923076923 0.2403846153846154 0.2091346153846154
1 0.9050480769230769 0.7800480769230769 0.18509615384615385 0.14903846153846154
1 0.6394230769230769 0.7379807692307693 0.2403846153846154 0.14182692307692307
1 0.06850961538461539 0.4362980769230769 0.13221153846153846 0.1658653846153846
2 0.35096153846153844 0.45072115384615385 0.5 0.3870192307692308