2 0.640625 0.34615384615384615 0.24519230769230768 0.21634615384615385
0 0.4723557692307692 0.2536057692307692 0.10096153846153846 0.08173076923076923
1 0.28725961538461536 0.8521634615384616 0.24519230769230768 0.1778846153846154
1 0.6514423076923077 0.7283653846153846 0.19230769230769232 0.1346153846153846
1 0.8257211538461539 0.9362980769230769 0.19471153846153846 0.125
1 0.7824519230769231 0.6754807692307693 0.24519230769230768 0.20192307692307693
1 0.8185096153846154 0.5060096153846154 0.24519230769230768 0.20192307692307693
1 0.453125 0.6646634615384616 0.19471153846153846 0.1778846153846154
1 0.21394230769230768 0.6754807692307693 0.2548076923076923 0.17067307692307693
1 0.3269230769230769 0.3545673076923077 0.22596153846153846 0.15384615384615385
1 0.4074519230769231 0.15985576923076922 0.22596153846153846 0.15384615384615385
1 0.40865384615384615 0.06610576923076923 0.3076923076923077 0.12740384615384615
1 0.6069711538461539 0.5108173076923077 0.22596153846153846 0.15384615384615385
1 0.3762019230769231 0.515625 0.22596153846153846 0.15384615384615385
1 0.1201923076923077 0.4855769230769231 0.2403846153846154 0.2091346153846154
1 0.08052884615384616 0.3137019230769231 0.16105769230769232 0.16346153846153846
1 0.11298076923076923 0.8233173076923077 0.22596153846153846 0.2283653846153846
1 0.6213942307692307 0.05048076923076923 0.23557692307692307 0.10096153846153846
1 0.11298076923076923 0.1346153846153846 0.22596153846153846 0.15865384615384615