2 0.5180288461538461 0.4206730769230769 0.16826923076923078 0.2403846153846154
0 0.34615384615384615 0.4735576923076923 0.052884615384615384 0.06009615384615385
0 0.42788461538461536 0.5793269230769231 0.052884615384615384 0.06009615384615385
0 0.027644230769230768 0.6165865384615384 0.04567307692307692 0.07211538461538461
1 0.14302884615384615 0.3401442307692308 0.21153846153846154 0.2764423076923077
1 0.09375 0.09014423076923077 0.15865384615384615 0.18028846153846154
1 0.07091346153846154 0.1346153846153846 0.14182692307692307 0.1971153846153846
1 0.25600961538461536 0.13581730769230768 0.1875 0.1971153846153846
1 0.40024038461538464 0.09134615384615384 0.1875 0.18269230769230768
1 0.6802884615384616 0.6790865384615384 0.17307692307692307 0.21634615384615385
1 0.7295673076923077 0.8990384615384616 0.1466346153846154 0.1971153846153846
1 0.49278846153846156 0.8990384615384616 0.1466346153846154 0.1971153846153846
1 0.6995192307692307 0.47115384615384615 0.16346153846153846 0.21394230769230768
1 0.8221153846153846 0.18028846153846154 0.13221153846153846 0.19230769230769232
1 0.9375 0.09615384615384616 0.12259615384615384 0.19230769230769232
1 0.5372596153846154 0.6754807692307693 0.16826923076923078 0.23076923076923078
1 0.44350961538461536 0.7403846153846154 0.16826923076923078 0.23076923076923078
1 0.2980769230769231 0.7764423076923077 0.17548076923076922 0.21634615384615385
1 0.5408653846153846 0.19110576923076922 0.15384615384615385 0.1971153846153846
1 0.6610576923076923 0.24278846153846154 0.15384615384615385 0.1971153846153846
1 0.7800480769230769 0.040865384615384616 0.17307692307692307 0.08173076923076923