1 0.18389423076923078 0.27884615384615385 0.1466346153846154 0.21153846153846154
1 0.5552884615384616 0.5336538461538461 0.19230769230769232 0.22596153846153846
1 0.9362980769230769 0.4362980769230769 0.12259615384615384 0.20673076923076922
1 0.8882211538461539 0.6177884615384616 0.17067307692307693 0.22596153846153846
1 0.875 0.9074519230769231 0.1778846153846154 0.18028846153846154
1 0.7980769230769231 0.7944711538461539 0.17307692307692307 0.22115384615384615
1 0.921875 0.8028846153846154 0.15384615384615385 0.22355769230769232
1 0.7331730769230769 0.4050480769230769 0.19230769230769232 0.22596153846153846
1 0.5817307692307693 0.109375 0.1466346153846154 0.20673076923076922
1 0.8509615384615384 0.08533653846153846 0.15384615384615385 0.16826923076923078
1 0.7115384615384616 0.08533653846153846 0.15384615384615385 0.16826923076923078
1 0.0673076923076923 0.08653846153846154 0.12980769230769232 0.16826923076923078
1 0.2860576923076923 0.875 0.13701923076923078 0.23076923076923078
2 0.09495192307692307 0.8473557692307693 0.18509615384615385 0.3004807692307692
0 0.5504807692307693 0.9206730769230769 0.07692307692307693 0.08653846153846154