1 0.11899038461538461 0.8052884615384616 0.18028846153846154 0.23076923076923078
1 0.40865384615384615 0.7704326923076923 0.18028846153846154 0.23076923076923078
1 0.828125 0.6081730769230769 0.1778846153846154 0.23076923076923078
1 0.7043269230769231 0.22596153846153846 0.18028846153846154 0.23076923076923078
1 0.59375 0.49278846153846156 0.1778846153846154 0.23076923076923078
1 0.5444711538461539 0.6274038461538461 0.1778846153846154 0.23076923076923078
1 0.71875 0.7944711538461539 0.15865384615384615 0.22596153846153846
1 0.5228365384615384 0.09735576923076923 0.16346153846153846 0.19230769230769232
1 0.19471153846153846 0.609375 0.16346153846153846 0.1971153846153846
1 0.0733173076923077 0.5540865384615384 0.14423076923076922 0.23076923076923078
2 0.3088942307692308 0.30528846153846156 0.3870192307692308 0.46153846153846156