1 0.3269230769230769 0.6911057692307693 0.1778846153846154 0.21875
1 0.07451923076923077 0.44591346153846156 0.14423076923076922 0.20673076923076922
1 0.12980769230769232 0.22115384615384615 0.16346153846153846 0.21153846153846154
1 0.7728365384615384 0.5673076923076923 0.13942307692307693 0.21634615384615385
1 0.5817307692307693 0.8245192307692307 0.13701923076923078 0.18269230769230768
1 0.8365384615384616 0.6538461538461539 0.13942307692307693 0.19471153846153846
1 0.9290865384615384 0.0733173076923077 0.13701923076923078 0.14182692307692307
1 0.8942307692307693 0.40024038461538464 0.1346153846153846 0.1778846153846154
1 0.33413461538461536 0.4110576923076923 0.14423076923076922 0.19471153846153846
1 0.5 0.1622596153846154 0.19951923076923078 0.23557692307692307
1 0.8365384615384616 0.19591346153846154 0.14903846153846154 0.23798076923076922
1 0.25961538461538464 0.23197115384615385 0.15865384615384615 0.21875
1 0.44591346153846156 0.8617788461538461 0.14423076923076922 0.19471153846153846
2 0.5793269230769231 0.4579326923076923 0.2932692307692308 0.3894230769230769
0 0.9302884615384616 0.9110576923076923 0.06971153846153846 0.07451923076923077