1 0.13221153846153846 0.5901442307692307 0.19230769230769232 0.18269230769230768
1 0.2980769230769231 0.14783653846153846 0.21394230769230768 0.19230769230769232
1 0.5228365384615384 0.14543269230769232 0.1971153846153846 0.16826923076923078
1 0.5228365384615384 0.2608173076923077 0.2692307692307692 0.18269230769230768
1 0.5637019230769231 0.4098557692307692 0.28365384615384615 0.08413461538461539
1 0.6754807692307693 0.46033653846153844 0.22596153846153846 0.15865384615384615
1 0.8473557692307693 0.15144230769230768 0.2283653846153846 0.16826923076923078
1 0.34975961538461536 0.6117788461538461 0.19471153846153846 0.23557692307692307
1 0.4098557692307692 0.8870192307692307 0.2548076923076923 0.16826923076923078
1 0.9242788461538461 0.4050480769230769 0.1466346153846154 0.20192307692307693
1 0.7884615384615384 0.2980769230769231 0.2403846153846154 0.13701923076923078
1 0.13221153846153846 0.2776442307692308 0.22115384615384615 0.18269230769230768
2 0.6442307692307693 0.7307692307692307 0.5336538461538461 0.5336538461538461