1 0.11778846153846154 0.8918269230769231 0.18269230769230768 0.21153846153846154
1 0.3112980769230769 0.7548076923076923 0.1778846153846154 0.23076923076923078
1 0.07932692307692307 0.1971153846153846 0.15865384615384615 0.22115384615384615
1 0.49158653846153844 0.5 0.1658653846153846 0.22596153846153846
1 0.6742788461538461 0.7463942307692307 0.1658653846153846 0.22596153846153846
1 0.9326923076923077 0.6225961538461539 0.12980769230769232 0.22596153846153846
1 0.8822115384615384 0.4110576923076923 0.16826923076923078 0.22596153846153846
1 0.7355769230769231 0.43028846153846156 0.14423076923076922 0.18269230769230768
1 0.78125 0.06129807692307692 0.14423076923076922 0.1201923076923077
1 0.09735576923076923 0.6862980769230769 0.1658653846153846 0.22596153846153846
1 0.20432692307692307 0.3858173076923077 0.15384615384615385 0.2620192307692308
2 0.328125 0.13822115384615385 0.22115384615384615 0.27403846153846156