1 0.23677884615384615 0.6598557692307693 0.17067307692307693 0.20673076923076922
1 0.5060096153846154 0.5853365384615384 0.23557692307692307 0.20192307692307693
1 0.6646634615384616 0.8161057692307693 0.17307692307692307 0.13942307692307693
1 0.3713942307692308 0.7932692307692307 0.2548076923076923 0.1466346153846154
1 0.5709134615384616 0.9290865384615384 0.21394230769230768 0.13701923076923078
1 0.38461538461538464 0.9206730769230769 0.20192307692307693 0.15384615384615385
1 0.4423076923076923 0.45913461538461536 0.1971153846153846 0.1875
1 0.4254807692307692 0.3293269230769231 0.21394230769230768 0.20192307692307693
1 0.06610576923076923 0.6790865384615384 0.12740384615384615 0.1971153846153846
0 0.125 0.2764423076923077 0.07211538461538461 0.057692307692307696
0 0.038461538461538464 0.37740384615384615 0.07211538461538461 0.08173076923076923
0 0.16706730769230768 0.12860576923076922 0.1201923076923077 0.08413461538461539
0 0.051682692307692304 0.2439903846153846 0.10096153846153846 0.08413461538461539
0 0.8605769230769231 0.3317307692307692 0.08173076923076923 0.08173076923076923
0 0.8329326923076923 0.8966346153846154 0.06009615384615385 0.05048076923076923
2 0.15865384615384615 0.9050480769230769 0.3125 0.18509615384615385