1 0.8521634615384616 0.13942307692307693 0.18028846153846154 0.23076923076923078
1 0.90625 0.38822115384615385 0.1778846153846154 0.2692307692307692
1 0.5420673076923077 0.8052884615384616 0.1778846153846154 0.2692307692307692
1 0.8004807692307693 0.8569711538461539 0.16826923076923078 0.1971153846153846
1 0.7355769230769231 0.8834134615384616 0.16826923076923078 0.1971153846153846
1 0.9639423076923077 0.6682692307692307 0.0673076923076923 0.23557692307692307
1 0.3762019230769231 0.6286057692307693 0.15384615384615385 0.21153846153846154
1 0.2980769230769231 0.3737980769230769 0.1778846153846154 0.21394230769230768
1 0.2548076923076923 0.08774038461538461 0.18269230769230768 0.17067307692307693
1 0.5096153846153846 0.12259615384615384 0.1778846153846154 0.21153846153846154
1 0.15625 0.1971153846153846 0.1875 0.24278846153846154
2 0.59375 0.4567307692307692 0.3701923076923077 0.4567307692307692