0 0.8329326923076923 0.4387019230769231 0.07211538461538461 0.08653846153846154
2 0.4338942307692308 0.4699519230769231 0.24519230769230768 0.32211538461538464
1 0.34615384615384615 0.6971153846153846 0.23317307692307693 0.22596153846153846
1 0.21875 0.40625 0.16346153846153846 0.22355769230769232
1 0.08052884615384616 0.22596153846153846 0.15625 0.23076923076923078
1 0.08052884615384616 0.12620192307692307 0.15625 0.2283653846153846
1 0.17307692307692307 0.06129807692307692 0.16346153846153846 0.11778846153846154
1 0.4110576923076923 0.2127403846153846 0.17307692307692307 0.14182692307692307
1 0.7139423076923077 0.65625 0.15865384615384615 0.23557692307692307
1 0.3762019230769231 0.8846153846153846 0.15865384615384615 0.22596153846153846
1 0.13221153846153846 0.6286057692307693 0.15865384615384615 0.23557692307692307
1 0.7139423076923077 0.1310096153846154 0.18269230769230768 0.21634615384615385
1 0.9447115384615384 0.30408653846153844 0.10576923076923077 0.22115384615384615
1 0.9122596153846154 0.7463942307692307 0.17307692307692307 0.21875
1 0.9314903846153846 0.9170673076923077 0.1346153846153846 0.16105769230769232
1 0.6754807692307693 0.8461538461538461 0.15865384615384615 0.23557692307692307
1 0.8052884615384616 0.9326923076923077 0.14182692307692307 0.12980769230769232