1 0.23557692307692307 0.47115384615384615 0.20192307692307693 0.25
1 0.5480769230769231 0.13581730769230768 0.18028846153846154 0.18269230769230768
1 0.8617788461538461 0.9050480769230769 0.18509615384615385 0.18509615384615385
1 0.71875 0.41586538461538464 0.18028846153846154 0.21153846153846154
1 0.32091346153846156 0.6598557692307693 0.18028846153846154 0.21153846153846154
1 0.9134615384615384 0.6117788461538461 0.16826923076923078 0.24278846153846154
1 0.5192307692307693 0.6598557692307693 0.18028846153846154 0.21153846153846154
1 0.07692307692307693 0.8040865384615384 0.15144230769230768 0.21394230769230768
1 0.25 0.9290865384615384 0.15865384615384615 0.13701923076923078
1 0.9266826923076923 0.28125 0.14182692307692307 0.20673076923076922
2 0.49158653846153844 0.38822115384615385 0.20673076923076922 0.3125
0 0.8858173076923077 0.16466346153846154 0.04326923076923077 0.06009615384615385
0 0.8605769230769231 0.054086538461538464 0.04326923076923077 0.08653846153846154