1 0.27403846153846156 0.2127403846153846 0.21153846153846154 0.15865384615384615
1 0.49759615384615385 0.15985576923076922 0.28365384615384615 0.19230769230769232
1 0.5504807692307693 0.3737980769230769 0.21634615384615385 0.17067307692307693
1 0.3329326923076923 0.8822115384615384 0.1971153846153846 0.16105769230769232
1 0.16826923076923078 0.6466346153846154 0.20673076923076922 0.1971153846153846
1 0.7139423076923077 0.7980769230769231 0.16346153846153846 0.14423076923076922
1 0.24759615384615385 0.43990384615384615 0.23076923076923078 0.17067307692307693
1 0.22716346153846154 0.8341346153846154 0.19951923076923078 0.1466346153846154
1 0.7572115384615384 0.6574519230769231 0.1778846153846154 0.14182692307692307
1 0.4254807692307692 0.6225961538461539 0.16826923076923078 0.15865384615384615
1 0.47596153846153844 0.7800480769230769 0.1971153846153846 0.15384615384615385
1 0.5 0.6622596153846154 0.15865384615384615 0.1466346153846154
1 0.7019230769230769 0.2127403846153846 0 0
2 0.8401442307692307 0.4110576923076923 0.3173076923076923 0.41586538461538464