1 0.4567307692307692 0.25600961538461536 0.17548076923076922 0.22115384615384615
1 0.5913461538461539 0.3016826923076923 0.14423076923076922 0.18269230769230768
1 0.8701923076923077 0.7632211538461539 0.14182692307692307 0.2692307692307692
1 0.08052884615384616 0.6274038461538461 0.15865384615384615 0.22355769230769232
1 0.6610576923076923 0.5372596153846154 0.1778846153846154 0.22596153846153846
1 0.5324519230769231 0.5276442307692307 0.15865384615384615 0.21153846153846154
1 0.4338942307692308 0.5168269230769231 0.16346153846153846 0.19951923076923078
1 0.6730769230769231 0.10096153846153846 0.16346153846153846 0.1971153846153846
1 0.9471153846153846 0.4699519230769231 0.10096153846153846 0.22355769230769232
1 0.7127403846153846 0.2980769230769231 0.16346153846153846 0.19951923076923078
1 0.22235576923076922 0.6322115384615384 0.15384615384615385 0.22596153846153846
1 0.16826923076923078 0.3701923076923077 0.19230769230769232 0.23798076923076922
1 0.23197115384615385 0.1658653846153846 0.19230769230769232 0.23798076923076922
2 0.4182692307692308 0.8064903846153846 0.3942307692307692 0.38221153846153844