1 0.31009615384615385 0.9074519230769231 0.17307692307692307 0.18028846153846154
1 0.1466346153846154 0.8461538461538461 0.1778846153846154 0.21153846153846154
1 0.49038461538461536 0.7079326923076923 0.19951923076923078 0.2548076923076923
1 0.6754807692307693 0.9266826923076923 0.16826923076923078 0.14182692307692307
1 0.8966346153846154 0.41586538461538464 0.20192307692307693 0.2403846153846154
1 0.43509615384615385 0.10576923076923077 0.15144230769230768 0.20673076923076922
1 0.7475961538461539 0.7920673076923077 0.18509615384615385 0.22115384615384615
1 0.3545673076923077 0.49399038461538464 0.18509615384615385 0.22115384615384615
1 0.17307692307692307 0.41947115384615385 0.18509615384615385 0.22115384615384615
1 0.6430288461538461 0.06129807692307692 0.21394230769230768 0.1201923076923077
1 0.9326923076923077 0.13822115384615385 0.12980769230769232 0.2091346153846154
2 0.6009615384615384 0.30408653846153844 0.3269230769230769 0.40384615384615385