1 0.8786057692307693 0.796875 0.1875 0.2548076923076923
1 0.4543269230769231 0.2548076923076923 0.15384615384615385 0.22115384615384615
1 0.6346153846153846 0.13341346153846154 0.19951923076923078 0.20192307692307693
1 0.3088942307692308 0.21153846153846154 0.17307692307692307 0.20673076923076922
1 0.34134615384615385 0.9086538461538461 0.17548076923076922 0.1778846153846154
1 0.2932692307692308 0.5576923076923077 0.17307692307692307 0.20673076923076922
1 0.3004807692307692 0.4543269230769231 0.17307692307692307 0.20673076923076922
1 0.1045673076923077 0.27524038461538464 0.17548076923076922 0.27884615384615385
1 0.7548076923076923 0.16826923076923078 0.15144230769230768 0.2283653846153846
1 0.6370192307692307 0.8473557692307693 0.15144230769230768 0.2283653846153846
1 0.21033653846153846 0.7740384615384616 0.18509615384615385 0.22355769230769232
0 0.4170673076923077 0.7019230769230769 0.06009615384615385 0.0673076923076923
0 0.4855769230769231 0.828125 0.057692307692307696 0.08173076923076923
0 0.8581730769230769 0.234375 0.0673076923076923 0.0889423076923077
2 0.7259615384615384 0.5168269230769231 0.36778846153846156 0.5