1 0.7584134615384616 0.7752403846153846 0.1875 0.1971153846153846
1 0.9254807692307693 0.8533653846153846 0.14903846153846154 0.28846153846153844
1 0.9014423076923077 0.11177884615384616 0.14903846153846154 0.21153846153846154
1 0.47716346153846156 0.421875 0.21153846153846154 0.23076923076923078
1 0.8942307692307693 0.46153846153846156 0.2091346153846154 0.23076923076923078
1 0.140625 0.2764423076923077 0.21153846153846154 0.23317307692307693
1 0.2536057692307692 0.46153846153846156 0.15865384615384615 0.22115384615384615
1 0.21394230769230768 0.10817307692307693 0.16105769230769232 0.21394230769230768
1 0.5661057692307693 0.6923076923076923 0.18269230769230768 0.21634615384615385
1 0.734375 0.2824519230769231 0.18269230769230768 0.21634615384615385
2 0.4963942307692308 0.17427884615384615 0.19471153846153846 0.2548076923076923