1 0.6875 0.17668269230769232 0.22115384615384615 0.17307692307692307
1 0.37740384615384615 0.11899038461538461 0.22115384615384615 0.17307692307692307
1 0.5576923076923077 0.06129807692307692 0.22596153846153846 0.1201923076923077
1 0.21394230769230768 0.040865384615384616 0.23076923076923078 0.07692307692307693
1 0.12379807692307693 0.40384615384615385 0.23076923076923078 0.18990384615384615
1 0.8088942307692307 0.4206730769230769 0.2403846153846154 0.19471153846153846
1 0.8497596153846154 0.5925480769230769 0.2548076923076923 0.15865384615384615
1 0.8954326923076923 0.2824519230769231 0.20432692307692307 0.16105769230769232
1 0.5805288461538461 0.9362980769230769 0.23317307692307693 0.12259615384615384
1 0.10576923076923077 0.9447115384615384 0.20673076923076922 0.10576923076923077
1 0.9290865384615384 0.9254807692307693 0.13701923076923078 0.14903846153846154
1 0.9110576923076923 0.7548076923076923 0.17307692307692307 0.19230769230769232
1 0.24158653846153846 0.8485576923076923 0.20192307692307693 0.1875
2 0.45552884615384615 0.5264423076923077 0.44711538461538464 0.34134615384615385
0 0.10817307692307693 0.5120192307692307 0.08173076923076923 0.04807692307692308