2 0.4050480769230769 0.29927884615384615 0.2860576923076923 0.23557692307692307
2 0.8737980769230769 0.5697115384615384 0.25 0.25
1 0.8942307692307693 0.3112980769230769 0.20673076923076922 0.17307692307692307
1 0.8425480769230769 0.13581730769230768 0.21394230769230768 0.17307692307692307
1 0.7608173076923077 0.19471153846153846 0.21394230769230768 0.17307692307692307
1 0.390625 0.6057692307692307 0.21394230769230768 0.17307692307692307
1 0.5600961538461539 0.7223557692307693 0.22115384615384615 0.1971153846153846
1 0.9086538461538461 0.9146634615384616 0.1778846153846154 0.16826923076923078
1 0.7439903846153846 0.9435096153846154 0.18990384615384615 0.11057692307692307
1 0.6045673076923077 0.9158653846153846 0.1971153846153846 0.16346153846153846
1 0.46274038461538464 0.90625 0.19230769230769232 0.1778846153846154
1 0.21153846153846154 0.9254807692307693 0.27403846153846156 0.1466346153846154
1 0.052884615384615384 0.8353365384615384 0.10576923076923077 0.23317307692307693
0 0.8353365384615384 0.4170673076923077 0.0985576923076923 0.09375
0 0.5372596153846154 0.18509615384615385 0.09134615384615384 0.0625
0 0.23076923076923078 0.5697115384615384 0.09134615384615384 0.0625
0 0.1875 0.6778846153846154 0.09134615384615384 0.0625
1 0.5192307692307693 0.5540865384615384 0.21394230769230768 0.17307692307692307
1 0.6358173076923077 0.4723557692307692 0.21394230769230768 0.17307692307692307
1 0.0829326923076923 0.11177884615384616 0.16346153846153846 0.18990384615384615
1 0.1971153846153846 0.06370192307692307 0.21634615384615385 0.12259615384615384
1 0.18870192307692307 0.140625 0.2091346153846154 0.14903846153846154
1 0.6262019230769231 0.06490384615384616 0.27403846153846156 0.12980769230769232
1 0.45552884615384615 0.7139423076923077 0.16826923076923078 0.14182692307692307