1 0.6298076923076923 0.3449519230769231 0.16346153846153846 0.2548076923076923
1 0.7944711538461539 0.29927884615384615 0.17307692307692307 0.25
1 0.45072115384615385 0.5504807692307693 0.18269230769230768 0.28846153846153844
1 0.12860576923076922 0.7620192307692307 0.17307692307692307 0.21875
1 0.5012019230769231 0.21514423076923078 0.15384615384615385 0.21153846153846154
1 0.7223557692307693 0.07572115384615384 0.15144230769230768 0.1466346153846154
1 0.17067307692307693 0.46274038461538464 0.15384615384615385 0.21394230769230768
1 0.10817307692307693 0.17548076923076922 0.18509615384615385 0.2403846153846154
1 0.9278846153846154 0.4675480769230769 0.13942307692307693 0.23076923076923078
1 0.2800480769230769 0.7716346153846154 0.13701923076923078 0.19951923076923078
1 0.31490384615384615 0.30408653846153844 0.15384615384615385 0.21153846153846154
2 0.6189903846153846 0.8257211538461539 0.3125 0.34615384615384615