1 0.23557692307692307 0.6935096153846154 0.22115384615384615 0.16346153846153846
1 0.53125 0.26322115384615385 0.22596153846153846 0.1778846153846154
1 0.3112980769230769 0.49038461538461536 0.2091346153846154 0.1346153846153846
1 0.4543269230769231 0.5612980769230769 0.2668269230769231 0.17307692307692307
1 0.1778846153846154 0.3858173076923077 0.22596153846153846 0.14423076923076922
1 0.6346153846153846 0.7271634615384616 0.24278846153846154 0.2091346153846154
1 0.32572115384615385 0.859375 0.2644230769230769 0.2091346153846154
1 0.4050480769230769 0.1141826923076923 0.17307692307692307 0.22115384615384615
1 0.8846153846153846 0.07211538461538461 0.21153846153846154 0.13942307692307693
1 0.08413461538461539 0.078125 0.16826923076923078 0.14182692307692307
1 0.20072115384615385 0.25721153846153844 0.25 0.16346153846153846
1 0.07572115384615384 0.5673076923076923 0.15144230769230768 0.1875
1 0.8701923076923077 0.9399038461538461 0.2548076923076923 0.11778846153846154
2 0.7884615384615384 0.4110576923076923 0.4182692307692308 0.3942307692307692