1 0.9290865384615384 0.4579326923076923 0.13701923076923078 0.23798076923076922
1 0.4266826923076923 0.2800480769230769 0.18269230769230768 0.21153846153846154
1 0.1502403846153846 0.46274038461538464 0.18990384615384615 0.20673076923076922
1 0.13221153846153846 0.2091346153846154 0.18990384615384615 0.23557692307692307
1 0.31850961538461536 0.7055288461538461 0.18990384615384615 0.23557692307692307
1 0.7776442307692307 0.7776442307692307 0.15865384615384615 0.20673076923076922
1 0.6899038461538461 0.06971153846153846 0.16105769230769232 0.1346153846153846
1 0.2980769230769231 0.09375 0.16105769230769232 0.18269230769230768
1 0.5745192307692307 0.8701923076923077 0.15865384615384615 0.20673076923076922
1 0.4182692307692308 0.3425480769230769 0.18269230769230768 0.21153846153846154
1 0.9014423076923077 0.4326923076923077 0.14903846153846154 0.23317307692307693
2 0.6346153846153846 0.453125 0.42788461538461536 0.47596153846153844
0 0.8040865384615384 0.15144230769230768 0.07692307692307693 0.10096153846153846