1 0.12620192307692307 0.546875 0.13942307692307693 0.23076923076923078
1 0.4098557692307692 0.3004807692307692 0.1971153846153846 0.23076923076923078
1 0.875 0.4951923076923077 0.14423076923076922 0.21875
1 0.7391826923076923 0.546875 0.16826923076923078 0.22355769230769232
1 0.6490384615384616 0.0985576923076923 0.1971153846153846 0.19230769230769232
1 0.4831730769230769 0.06490384615384616 0.20192307692307693 0.125
1 0.2824519230769231 0.06490384615384616 0.14903846153846154 0.125
1 0.14903846153846154 0.04807692307692308 0.12980769230769232 0.09134615384615384
1 0.23557692307692307 0.7247596153846154 0.15384615384615385 0.1778846153846154
1 0.40024038461538464 0.9110576923076923 0.18028846153846154 0.17307692307692307
1 0.21995192307692307 0.9242788461538461 0.17067307692307693 0.1466346153846154
1 0.6286057692307693 0.9242788461538461 0.17067307692307693 0.1466346153846154
1 0.8413461538461539 0.13341346153846154 0.13221153846153846 0.21153846153846154
1 0.6670673076923077 0.2920673076923077 0.15144230769230768 0.1971153846153846
1 0.8221153846153846 0.7199519230769231 0.1658653846153846 0.20673076923076922
2 0.4567307692307692 0.6322115384615384 0.28846153846153844 0.40384615384615385
0 0.07211538461538461 0.3425480769230769 0.11298076923076923 0.1346153846153846