1 0.3942307692307692 0.3870192307692308 0.19471153846153846 0.24278846153846154
1 0.22716346153846154 0.8317307692307693 0.21634615384615385 0.25240384615384615
1 0.6358173076923077 0.8149038461538461 0.19471153846153846 0.2548076923076923
1 0.8137019230769231 0.7163461538461539 0.19230769230769232 0.2644230769230769
1 0.8221153846153846 0.49759615384615385 0.20192307692307693 0.2692307692307692
1 0.6995192307692307 0.23076923076923078 0.2091346153846154 0.20673076923076922
1 0.5228365384615384 0.5901442307692307 0.19951923076923078 0.25240384615384615
1 0.6394230769230769 0.44591346153846156 0.21875 0.22355769230769232
1 0.19230769230769232 0.5697115384615384 0.17067307692307693 0.21875
1 0.40625 0.9447115384615384 0.21153846153846154 0.10576923076923077
1 0.11177884615384616 0.5829326923076923 0.14903846153846154 0.28125
2 0.41225961538461536 0.1346153846153846 0.38461538461538464 0.2644230769230769