2 0.6766826923076923 0.5300480769230769 0.3076923076923077 0.44711538461538464
1 0.359375 0.5 0.13942307692307693 0.16346153846153846
1 0.2776442307692308 0.5709134615384616 0.13942307692307693 0.16346153846153846
1 0.21033653846153846 0.6887019230769231 0.13942307692307693 0.16346153846153846
1 0.20552884615384615 0.6033653846153846 0.13942307692307693 0.20673076923076922
1 0.15144230769230768 0.5805288461538461 0.11057692307692307 0.16346153846153846
1 0.16947115384615385 0.40865384615384615 0.16826923076923078 0.20432692307692307
1 0.8990384615384616 0.26322115384615385 0.16346153846153846 0.23798076923076922
1 0.5829326923076923 0.8786057692307693 0.1466346153846154 0.21875
1 0.390625 0.7944711538461539 0.1466346153846154 0.21875
1 0.4110576923076923 0.7379807692307693 0.18269230769230768 0.22115384615384615
1 0.5216346153846154 0.7415865384615384 0.14903846153846154 0.19230769230769232
1 0.2920673076923077 0.2848557692307692 0.14903846153846154 0.21634615384615385
1 0.6141826923076923 0.1875 0.14903846153846154 0.21634615384615385
1 0.7692307692307693 0.11298076923076923 0.1971153846153846 0.22115384615384615
1 0.7536057692307693 0.8762019230769231 0.17548076923076922 0.24278846153846154
0 0.8389423076923077 0.6370192307692307 0.057692307692307696 0.09134615384615384
1 0.5168269230769231 0.0625 0.1466346153846154 0.1201923076923077
1 0.9254807692307693 0.734375 0.14423076923076922 0.21875