2 0.640625 0.8269230769230769 0.30528846153846156 0.34134615384615385
1 0.38221153846153844 0.6983173076923077 0.23317307692307693 0.21634615384615385
1 0.42788461538461536 0.9411057692307693 0.1875 0.11298076923076923
1 0.9603365384615384 0.7427884615384616 0.07692307692307693 0.24519230769230768
1 0.28725961538461536 0.8605769230769231 0.16826923076923078 0.22115384615384615
1 0.18509615384615385 0.5108173076923077 0.14903846153846154 0.1971153846153846
1 0.5685096153846154 0.5709134615384616 0.14903846153846154 0.1971153846153846
1 0.6670673076923077 0.5685096153846154 0.14903846153846154 0.1971153846153846
1 0.7451923076923077 0.59375 0.14903846153846154 0.1971153846153846
1 0.7788461538461539 0.6394230769230769 0.14903846153846154 0.1971153846153846
1 0.8665865384615384 0.6887019230769231 0.14903846153846154 0.1971153846153846
1 0.9435096153846154 0.3161057692307692 0.11057692307692307 0.1971153846153846
1 0.96875 0.5072115384615384 0.057692307692307696 0.23798076923076922
1 0.5384615384615384 0.04447115384615385 0.14903846153846154 0.08413461538461539
1 0.59375 0.4014423076923077 0.1875 0.1875
1 0.3762019230769231 0.17548076923076922 0.14903846153846154 0.17307692307692307
1 0.06850961538461539 0.41346153846153844 0.13701923076923078 0.28365384615384615
1 0.19471153846153846 0.171875 0.19230769230769232 0.27403846153846156
1 0.11057692307692307 0.7920673076923077 0.18990384615384615 0.27403846153846156
1 0.10216346153846154 0.9158653846153846 0.16105769230769232 0.16346153846153846
1 0.46634615384615385 0.5108173076923077 0.14903846153846154 0.1971153846153846
1 0.46274038461538464 0.3557692307692308 0.14903846153846154 0.1971153846153846