1 0.5552884615384616 0.8377403846153846 0.18028846153846154 0.21634615384615385
1 0.38100961538461536 0.875 0.18028846153846154 0.21634615384615385
1 0.18269230769230768 0.8882211538461539 0.18028846153846154 0.21634615384615385
1 0.07692307692307693 0.6730769230769231 0.14903846153846154 0.25
1 0.109375 0.09495192307692307 0.18990384615384615 0.1875
1 0.3545673076923077 0.3293269230769231 0.18990384615384615 0.2548076923076923
1 0.27403846153846156 0.1346153846153846 0.1778846153846154 0.2403846153846154
1 0.9483173076923077 0.8317307692307693 0.0985576923076923 0.2548076923076923
1 0.9254807692307693 0.37740384615384615 0.14423076923076922 0.22596153846153846
1 0.2860576923076923 0.49759615384615385 0.15384615384615385 0.22115384615384615
1 0.1310096153846154 0.24158653846153846 0.19951923076923078 0.21153846153846154
2 0.5889423076923077 0.42788461538461536 0.42788461538461536 0.3942307692307692