1 0.4567307692307692 0.11658653846153846 0.23557692307692307 0.22596153846153846
1 0.3798076923076923 0.3545673076923077 0.1875 0.13942307692307693
1 0.16826923076923078 0.2800480769230769 0.18990384615384615 0.16826923076923078
1 0.5901442307692307 0.546875 0.19951923076923078 0.16826923076923078
1 0.9098557692307693 0.2403846153846154 0.1778846153846154 0.17067307692307693
1 0.8233173076923077 0.5925480769230769 0.19951923076923078 0.16826923076923078
1 0.22355769230769232 0.5697115384615384 0.19951923076923078 0.16826923076923078
1 0.23918269230769232 0.08774038461538461 0.20192307692307693 0.17307692307692307
1 0.0625 0.0985576923076923 0.1201923076923077 0.17067307692307693
1 0.42908653846153844 0.9350961538461539 0.18028846153846154 0.125
2 0.6105769230769231 0.8509615384615384 0.25240384615384615 0.2403846153846154