1 0.6850961538461539 0.6574519230769231 0.19230769230769232 0.21153846153846154
1 0.53125 0.31490384615384615 0.1875 0.2692307692307692
1 0.7896634615384616 0.4831730769230769 0.1778846153846154 0.24759615384615385
1 0.29447115384615385 0.1814903846153846 0.21153846153846154 0.21153846153846154
1 0.05889423076923077 0.6418269230769231 0.11778846153846154 0.30288461538461536
1 0.6081730769230769 0.8701923076923077 0.20432692307692307 0.24519230769230768
1 0.7764423076923077 0.875 0.13942307692307693 0.24519230769230768
1 0.9242788461538461 0.3293269230769231 0.14903846153846154 0.2620192307692308
1 0.9302884615384616 0.6286057692307693 0.1346153846153846 0.23076923076923078
1 0.9314903846153846 0.9110576923076923 0.13221153846153846 0.1778846153846154
1 0.5733173076923077 0.10697115384615384 0.1875 0.21153846153846154
0 0.8173076923076923 0.6442307692307693 0.04807692307692308 0.06490384615384616
0 0.6454326923076923 0.4987980769230769 0.08173076923076923 0.0985576923076923
2 0.42908653846153844 0.6262019230769231 0.3076923076923077 0.3701923076923077