1 0.13822115384615385 0.7956730769230769 0.20673076923076922 0.1778846153846154
1 0.6442307692307693 0.8653846153846154 0.19471153846153846 0.15865384615384615
1 0.8473557692307693 0.38341346153846156 0.19471153846153846 0.15865384615384615
1 0.8617788461538461 0.7800480769230769 0.19471153846153846 0.16105769230769232
1 0.46875 0.6237980769230769 0.23317307692307693 0.16346153846153846
1 0.6057692307692307 0.3004807692307692 0.23317307692307693 0.16346153846153846
1 0.6947115384615384 0.0829326923076923 0.23317307692307693 0.16346153846153846
1 0.4026442307692308 0.06370192307692307 0.23317307692307693 0.125
1 0.39783653846153844 0.8401442307692307 0.22115384615384615 0.13942307692307693
1 0.49759615384615385 0.5108173076923077 0.23317307692307693 0.16346153846153846
1 0.6826923076923077 0.5300480769230769 0.23317307692307693 0.16346153846153846
1 0.8617788461538461 0.5757211538461539 0.21153846153846154 0.16346153846153846
2 0.28125 0.38461538461538464 0.4423076923076923 0.3557692307692308
0 0.8990384615384616 0.22115384615384615 0.0625 0.07211538461538461