1 0.8461538461538461 0.7548076923076923 0.17548076923076922 0.2283653846153846
1 0.953125 0.546875 0.0889423076923077 0.2620192307692308
1 0.6706730769230769 0.3401442307692308 0.17548076923076922 0.2283653846153846
1 0.7524038461538461 0.28125 0.1778846153846154 0.24759615384615385
1 0.6995192307692307 0.08774038461538461 0.15384615384615385 0.17307692307692307
1 0.5504807692307693 0.08774038461538461 0.15384615384615385 0.17307692307692307
1 0.1141826923076923 0.5288461538461539 0.16826923076923078 0.2091346153846154
1 0.16346153846153846 0.3112980769230769 0.16826923076923078 0.2091346153846154
1 0.3293269230769231 0.390625 0.16826923076923078 0.2091346153846154
1 0.5372596153846154 0.5985576923076923 0.1971153846153846 0.22115384615384615
1 0.6430288461538461 0.5480769230769231 0.18509615384615385 0.22115384615384615
1 0.6850961538461539 0.8088942307692307 0.15865384615384615 0.27884615384615385
1 0.46634615384615385 0.8329326923076923 0.11538461538461539 0.2548076923076923
1 0.40024038461538464 0.15625 0.22115384615384615 0.3125
2 0.2932692307692308 0.7331730769230769 0.3605769230769231 0.43509615384615385