2 0.1658653846153846 0.47475961538461536 0.3269230769230769 0.2860576923076923
1 0.46634615384615385 0.5913461538461539 0.20432692307692307 0.14903846153846154
1 0.7163461538461539 0.41586538461538464 0.21634615384615385 0.1658653846153846
1 0.7548076923076923 0.6165865384615384 0.21634615384615385 0.1658653846153846
1 0.7211538461538461 0.9254807692307693 0.2692307692307692 0.14423076923076922
1 0.3701923076923077 0.7103365384615384 0.2644230769230769 0.17307692307692307
1 0.3233173076923077 0.9555288461538461 0.2620192307692308 0.08413461538461539
1 0.47475961538461536 0.9447115384615384 0.19471153846153846 0.10576923076923077
1 0.5997596153846154 0.8173076923076923 0.1875 0.13221153846153846
1 0.9314903846153846 0.7247596153846154 0.1346153846153846 0.18990384615384615
1 0.5673076923076923 0.6766826923076923 0.21634615384615385 0.1658653846153846
1 0.06610576923076923 0.7536057692307693 0.12980769230769232 0.16346153846153846
1 0.057692307692307696 0.6526442307692307 0.11538461538461539 0.12980769230769232
1 0.4495192307692308 0.31971153846153844 0.21394230769230768 0.16826923076923078
1 0.4807692307692308 0.2644230769230769 0.15384615384615385 0.10336538461538461
1 0.4855769230769231 0.06850961538461539 0.22596153846153846 0.1346153846153846
1 0.5865384615384616 0.09735576923076923 0.22355769230769232 0.13942307692307693
1 0.8798076923076923 0.06850961538461539 0.23557692307692307 0.1346153846153846
1 0.10576923076923077 0.06850961538461539 0.20673076923076922 0.13701923076923078
1 0.25 0.18509615384615385 0.28365384615384615 0.19471153846153846
1 0.25841346153846156 0.3125 0.2283653846153846 0.1875
1 0.8209134615384616 0.5 0.2644230769230769 0.1971153846153846