2 0.6923076923076923 0.27524038461538464 0.32211538461538464 0.2980769230769231
0 0.19110576923076922 0.7668269230769231 0.07932692307692307 0.06009615384615385
0 0.05889423076923077 0.7271634615384616 0.10817307692307693 0.0889423076923077
0 0.9579326923076923 0.2776442307692308 0.07932692307692307 0.057692307692307696
1 0.6742788461538461 0.9110576923076923 0.23317307692307693 0.17548076923076922
1 0.4170673076923077 0.4182692307692308 0.23076923076923078 0.1971153846153846
1 0.3473557692307692 0.4807692307692308 0.23076923076923078 0.1971153846153846
1 0.38221153846153844 0.5853365384615384 0.23076923076923078 0.1971153846153846
1 0.3713942307692308 0.6610576923076923 0.23076923076923078 0.1971153846153846
1 0.421875 0.7319711538461539 0.23076923076923078 0.1971153846153846
1 0.43990384615384615 0.7944711538461539 0.23076923076923078 0.1971153846153846
1 0.38822115384615385 0.9038461538461539 0.23317307692307693 0.1875
1 0.10216346153846154 0.2608173076923077 0.20432692307692307 0.19951923076923078
1 0.10216346153846154 0.4326923076923077 0.20432692307692307 0.20192307692307693
1 0.14423076923076922 0.5552884615384616 0.23076923076923078 0.1971153846153846
1 0.515625 0.07211538461538461 0.29086538461538464 0.13942307692307693
1 0.921875 0.6658653846153846 0.15144230769230768 0.19951923076923078