1 0.41346153846153844 0.7151442307692307 0.22115384615384615 0.14423076923076922
1 0.41346153846153844 0.8173076923076923 0.22115384615384615 0.14423076923076922
1 0.8521634615384616 0.7259615384615384 0.22115384615384615 0.1658653846153846
1 0.9074519230769231 0.42427884615384615 0.18269230769230768 0.1658653846153846
1 0.5865384615384616 0.5504807692307693 0.25961538461538464 0.13942307692307693
1 0.6790865384615384 0.10216346153846154 0.2548076923076923 0.16826923076923078
1 0.2704326923076923 0.038461538461538464 0.25 0.07451923076923077
2 0.5901442307692307 0.3293269230769231 0.4326923076923077 0.375
1 0.21394230769230768 0.734375 0.21634615384615385 0.1778846153846154
1 0.18028846153846154 0.5637019230769231 0.21634615384615385 0.1778846153846154
1 0.11057692307692307 0.4543269230769231 0.21634615384615385 0.1971153846153846