1 0.11778846153846154 0.21394230769230768 0.1778846153846154 0.2692307692307692
1 0.5733173076923077 0.1201923076923077 0.18028846153846154 0.23557692307692307
1 0.8786057692307693 0.3713942307692308 0.1875 0.2403846153846154
1 0.8425480769230769 0.5757211538461539 0.1971153846153846 0.22355769230769232
1 0.9423076923076923 0.8161057692307693 0.11057692307692307 0.2668269230769231
1 0.8137019230769231 0.8125 0.1466346153846154 0.24519230769230768
1 0.6418269230769231 0.8882211538461539 0.20192307692307693 0.21875
1 0.6502403846153846 0.6875 0.18269230769230768 0.1971153846153846
1 0.43149038461538464 0.7283653846153846 0.18509615384615385 0.1971153846153846
1 0.6682692307692307 0.4699519230769231 0.15144230769230768 0.20673076923076922
1 0.8125 0.08774038461538461 0.15865384615384615 0.17307692307692307
1 0.37740384615384615 0.07451923076923077 0.15865384615384615 0.14423076923076922
1 0.31971153846153844 0.23918269230769232 0.17548076923076922 0.1971153846153846
1 0.10096153846153846 0.6586538461538461 0.20192307692307693 0.23317307692307693
2 0.4891826923076923 0.42908653846153844 0.3317307692307692 0.4807692307692308