1 0.8076923076923077 0.125 0.25961538461538464 0.19471153846153846
1 0.2512019230769231 0.5625 0.2283653846153846 0.15865384615384615
1 0.12620192307692307 0.3762019230769231 0.20673076923076922 0.20432692307692307
1 0.20552884615384615 0.7115384615384616 0.21153846153846154 0.1778846153846154
1 0.9134615384615384 0.6778846153846154 0.16826923076923078 0.1778846153846154
1 0.5625 0.7283653846153846 0.21153846153846154 0.1778846153846154
1 0.45552884615384615 0.7199519230769231 0.21153846153846154 0.1778846153846154
1 0.27163461538461536 0.9158653846153846 0.28846153846153844 0.1658653846153846
1 0.16105769230769232 0.25240384615384615 0.23557692307692307 0.15625
1 0.8581730769230769 0.3737980769230769 0.23557692307692307 0.15625
1 0.7836538461538461 0.8137019230769231 0.23076923076923078 0.19230769230769232
0 0.7091346153846154 0.6009615384615384 0.0673076923076923 0.0625
0 0.8389423076923077 0.5300480769230769 0.08413461538461539 0.06009615384615385
0 0.22956730769230768 0.1466346153846154 0.09134615384615384 0.06971153846153846
2 0.5204326923076923 0.2824519230769231 0.5144230769230769 0.3798076923076923