1 0.3473557692307692 0.4519230769230769 0.19471153846153846 0.16346153846153846
1 0.9026442307692307 0.3389423076923077 0.18990384615384615 0.16826923076923078
1 0.6742788461538461 0.6682692307692307 0.23076923076923078 0.16346153846153846
1 0.6358173076923077 0.8786057692307693 0.25961538461538464 0.19471153846153846
1 0.7043269230769231 0.3918269230769231 0.21394230769230768 0.1778846153846154
1 0.7391826923076923 0.08533653846153846 0.21153846153846154 0.16826923076923078
1 0.4411057692307692 0.6358173076923077 0.2403846153846154 0.15865384615384615
1 0.5300480769230769 0.20432692307692307 0.2644230769230769 0.18269230769230768
1 0.21033653846153846 0.8245192307692307 0.25 0.18269230769230768
1 0.09375 0.24158653846153846 0.18269230769230768 0.16346153846153846
0 0.27283653846153844 0.265625 0.09134615384615384 0.08653846153846154
0 0.4375 0.36899038461538464 0.09134615384615384 0.0673076923076923
0 0.32211538461538464 0.5661057692307693 0.09615384615384616 0.07211538461538461
2 0.12980769230769232 0.59375 0.2548076923076923 0.2548076923076923