1 0.45913461538461536 0.14783653846153846 0.1971153846153846 0.20432692307692307
1 0.09735576923076923 0.0673076923076923 0.19471153846153846 0.12980769230769232
1 0.22235576923076922 0.19471153846153846 0.21875 0.16346153846153846
1 0.7788461538461539 0.8677884615384616 0.25961538461538464 0.18028846153846154
1 0.7487980769230769 0.6346153846153846 0.3125 0.18990384615384615
1 0.6021634615384616 0.9350961538461539 0.23798076923076922 0.12740384615384615
1 0.12860576923076922 0.9182692307692307 0.25240384615384615 0.16105769230769232
1 0.3954326923076923 0.6189903846153846 0.25961538461538464 0.1778846153846154
1 0.12860576923076922 0.6298076923076923 0.25240384615384615 0.18028846153846154
1 0.6141826923076923 0.4254807692307692 0.3076923076923077 0.21875
2 0.18389423076923078 0.40384615384615385 0.3629807692307692 0.3485576923076923