1 0.10576923076923077 0.15625 0.20673076923076922 0.22115384615384615
1 0.6730769230769231 0.2980769230769231 0.2283653846153846 0.22115384615384615
1 0.42427884615384615 0.5600961538461539 0.19951923076923078 0.21153846153846154
1 0.27403846153846156 0.7403846153846154 0.2283653846153846 0.16105769230769232
1 0.078125 0.8245192307692307 0.15144230769230768 0.17307692307692307
1 0.1935096153846154 0.5769230769230769 0.21875 0.1778846153846154
1 0.24759615384615385 0.44350961538461536 0.25961538461538464 0.20192307692307693
1 0.46033653846153844 0.3425480769230769 0.21875 0.1778846153846154
1 0.8786057692307693 0.8870192307692307 0.23798076923076922 0.16346153846153846
1 0.47716346153846156 0.18629807692307693 0.22115384615384615 0.16346153846153846
1 0.8954326923076923 0.32211538461538464 0.20432692307692307 0.18269230769230768
1 0.6298076923076923 0.9471153846153846 0.2980769230769231 0.10096153846153846
2 0.7379807692307693 0.6382211538461539 0.47596153846153844 0.3894230769230769