1 0.7692307692307693 0.7620192307692307 0.19471153846153846 0.20192307692307693
1 0.9302884615384616 0.8449519230769231 0.1346153846153846 0.30528846153846156
1 0.9146634615384616 0.09495192307692307 0.15865384615384615 0.18509615384615385
1 0.47836538461538464 0.39783653846153844 0.21634615384615385 0.2403846153846154
1 0.8978365384615384 0.4387019230769231 0.19951923076923078 0.24278846153846154
1 0.12980769230769232 0.24759615384615385 0.21634615384615385 0.2403846153846154
1 0.24639423076923078 0.4387019230769231 0.16346153846153846 0.22596153846153846
1 0.20673076923076922 0.09375 0.16346153846153846 0.18269230769230768
1 0.5697115384615384 0.6766826923076923 0.18990384615384615 0.22115384615384615
1 0.7439903846153846 0.2548076923076923 0.18990384615384615 0.22115384615384615
2 0.49759615384615385 0.14182692307692307 0.20192307692307693 0.2644230769230769