1 0.5036057692307693 0.10216346153846154 0.17548076923076922 0.19951923076923078
1 0.8389423076923077 0.3004807692307692 0.17307692307692307 0.20192307692307693
1 0.2620192307692308 0.9026442307692307 0.17548076923076922 0.18990384615384615
1 0.5865384615384616 0.35336538461538464 0.20673076923076922 0.23557692307692307
1 0.6850961538461539 0.2127403846153846 0.17067307692307693 0.1875
1 0.6442307692307693 0.09134615384615384 0.1875 0.1778846153846154
1 0.35697115384615385 0.25240384615384615 0.17548076923076922 0.20192307692307693
1 0.3329326923076923 0.3786057692307692 0.1658653846153846 0.23798076923076922
1 0.7716346153846154 0.7391826923076923 0.1875 0.24519230769230768
1 0.7391826923076923 0.9302884615384616 0.17548076923076922 0.1346153846153846
1 0.5697115384615384 0.921875 0.20432692307692307 0.15144230769230768
1 0.9471153846153846 0.45552884615384615 0.10096153846153846 0.21634615384615385
1 0.125 0.8125 0.14423076923076922 0.19951923076923078
1 0.17067307692307693 0.453125 0.16346153846153846 0.2860576923076923
0 0.4326923076923077 0.8701923076923077 0.052884615384615384 0.08653846153846154
2 0.5444711538461539 0.6358173076923077 0.33413461538461536 0.40865384615384615