1 0.2692307692307692 0.3088942307692308 0.15384615384615385 0.22596153846153846
1 0.1778846153846154 0.10096153846153846 0.15865384615384615 0.20192307692307693
1 0.4483173076923077 0.09254807692307693 0.15384615384615385 0.18509615384615385
1 0.6466346153846154 0.10576923076923077 0.15384615384615385 0.20192307692307693
1 0.9290865384615384 0.3112980769230769 0.1346153846153846 0.18269230769230768
1 0.9098557692307693 0.7644230769230769 0.17307692307692307 0.20673076923076922
1 0.3581730769230769 0.6947115384615384 0.17307692307692307 0.20673076923076922
1 0.13701923076923078 0.8918269230769231 0.17307692307692307 0.20673076923076922
1 0.6021634615384616 0.3641826923076923 0.20432692307692307 0.21153846153846154
1 0.36899038461538464 0.828125 0.16346153846153846 0.1875
1 0.25600961538461536 0.5372596153846154 0.1971153846153846 0.27884615384615385
2 0.5805288461538461 0.6670673076923077 0.3076923076923077 0.3942307692307692