1 0.6117788461538461 0.5396634615384616 0.14423076923076922 0.21875
1 0.5901442307692307 0.8822115384615384 0.17067307692307693 0.22596153846153846
1 0.34134615384615385 0.8209134615384616 0.12980769230769232 0.19471153846153846
1 0.8052884615384616 0.2920673076923077 0.13942307692307693 0.20192307692307693
1 0.7379807692307693 0.44471153846153844 0.15384615384615385 0.21153846153846154
1 0.8233173076923077 0.6646634615384616 0.15384615384615385 0.21153846153846154
1 0.5528846153846154 0.11177884615384616 0.1778846153846154 0.21875
1 0.055288461538461536 0.4651442307692308 0.10576923076923077 0.23798076923076922
1 0.40625 0.12740384615384615 0.16826923076923078 0.25
1 0.11538461538461539 0.8810096153846154 0.15384615384615385 0.23317307692307693
2 0.30408653846153844 0.5360576923076923 0.27884615384615385 0.33653846153846156
0 0.8581730769230769 0.4411057692307692 0.052884615384615384 0.06971153846153846
0 0.2980769230769231 0.9543269230769231 0.052884615384615384 0.08653846153846154
0 0.09134615384615384 0.8365384615384616 0.03125 0.05048076923076923
0 0.6382211538461539 0.6838942307692307 0.057692307692307696 0.06971153846153846