1 0.578125 0.0673076923076923 0.2091346153846154 0.1346153846153846
1 0.4639423076923077 0.4567307692307692 0.27403846153846156 0.16826923076923078
1 0.6310096153846154 0.8365384615384616 0.27403846153846156 0.16826923076923078
1 0.21514423076923078 0.7439903846153846 0.2692307692307692 0.18028846153846154
1 0.5901442307692307 0.6814903846153846 0.21875 0.15384615384615385
1 0.8689903846153846 0.6911057692307693 0.21875 0.15384615384615385
1 0.25 0.06129807692307692 0.21875 0.1201923076923077
1 0.7716346153846154 0.9483173076923077 0.21875 0.10096153846153846
2 0.7091346153846154 0.33413461538461536 0.2548076923076923 0.2764423076923077
0 0.20793269230769232 0.4326923076923077 0.07692307692307693 0.0625
0 0.44350961538461536 0.7764423076923077 0.07692307692307693 0.0625