1 0.3016826923076923 0.44471153846153844 0.13942307692307693 0.21634615384615385
1 0.203125 0.44471153846153844 0.13942307692307693 0.21634615384615385
1 0.29086538461538464 0.8689903846153846 0.15865384615384615 0.21153846153846154
1 0.5841346153846154 0.9170673076923077 0.16105769230769232 0.16346153846153846
1 0.46153846153846156 0.6117788461538461 0.1346153846153846 0.25
1 0.8942307692307693 0.7019230769230769 0.16346153846153846 0.24519230769230768
1 0.9591346153846154 0.30649038461538464 0.07692307692307693 0.24519230769230768
2 0.6754807692307693 0.6165865384615384 0.36538461538461536 0.4206730769230769
1 0.2824519230769231 0.2512019230769231 0.17307692307692307 0.20673076923076922
1 0.4483173076923077 0.21875 0.17307692307692307 0.20673076923076922
1 0.5552884615384616 0.14903846153846154 0.1875 0.21153846153846154