1 0.7295673076923077 0.8088942307692307 0.24519230769230768 0.15144230769230768
1 0.7259615384615384 0.5372596153846154 0.24519230769230768 0.14903846153846154
1 0.8725961538461539 0.4206730769230769 0.22115384615384615 0.20192307692307693
1 0.8725961538461539 0.2608173076923077 0.19230769230769232 0.15865384615384615
1 0.6971153846153846 0.18990384615384615 0.19230769230769232 0.15865384615384615
1 0.6802884615384616 0.33533653846153844 0.19230769230769232 0.15865384615384615
1 0.4951923076923077 0.24879807692307693 0.22115384615384615 0.16346153846153846
1 0.15865384615384615 0.3329326923076923 0.22115384615384615 0.16346153846153846
1 0.4831730769230769 0.4050480769230769 0.22115384615384615 0.16346153846153846
1 0.10817307692307693 0.7331730769230769 0.20192307692307693 0.2548076923076923
2 0.4206730769230769 0.6802884615384616 0.4567307692307692 0.30288461538461536