2 0.8269230769230769 0.5276442307692307 0.34134615384615385 0.29086538461538464
1 0.5204326923076923 0.4074519230769231 0.20673076923076922 0.14903846153846154
1 0.2692307692307692 0.5853365384615384 0.21875 0.16826923076923078
1 0.23076923076923078 0.38221153846153844 0.21875 0.16826923076923078
1 0.2644230769230769 0.07211538461538461 0.2692307692307692 0.14423076923076922
1 0.6177884615384616 0.28846153846153844 0.2668269230769231 0.17307692307692307
1 0.6646634615384616 0.042067307692307696 0.25961538461538464 0.08413461538461539
1 0.5108173076923077 0.051682692307692304 0.18990384615384615 0.10336538461538461
1 0.3858173076923077 0.18028846153846154 0.1875 0.1346153846153846
1 0.06129807692307692 0.27403846153846156 0.1201923076923077 0.19230769230769232
1 0.4182692307692308 0.32211538461538464 0.21875 0.16826923076923078
1 0.9266826923076923 0.24639423076923078 0.14182692307692307 0.17067307692307693
1 0.9362980769230769 0.3473557692307692 0.12259615384615384 0.13221153846153846
1 0.5384615384615384 0.6814903846153846 0.21394230769230768 0.16826923076923078
1 0.5060096153846154 0.7367788461538461 0.15625 0.10336538461538461
1 0.5012019230769231 0.9326923076923077 0.22596153846153846 0.12980769230769232
1 0.40024038461538464 0.90625 0.22596153846153846 0.13942307692307693
1 0.11298076923076923 0.9326923076923077 0.22115384615384615 0.13221153846153846
1 0.8882211538461539 0.9314903846153846 0.21875 0.13221153846153846
1 0.7379807692307693 0.8173076923076923 0.2860576923076923 0.1971153846153846
1 0.7295673076923077 0.6887019230769231 0.23076923076923078 0.18990384615384615
1 0.16466346153846154 0.5 0.2644230769230769 0.1971153846153846