2 0.4050480769230769 0.08413461538461539 0.23317307692307693 0.16826923076923078
0 0.9086538461538461 0.5264423076923077 0.08413461538461539 0.09615384615384616
1 0.36778846153846156 0.40024038461538464 0.21634615384615385 0.25
1 0.5384615384615384 0.35697115384615385 0.18269230769230768 0.22596153846153846
1 0.5444711538461539 0.140625 0.18269230769230768 0.22596153846153846
1 0.7115384615384616 0.7139423076923077 0.18269230769230768 0.22596153846153846
1 0.8365384615384616 0.7560096153846154 0.18269230769230768 0.22596153846153846
1 0.6862980769230769 0.9050480769230769 0.17307692307692307 0.1875
1 0.59375 0.9326923076923077 0.15865384615384615 0.12980769230769232
1 0.9242788461538461 0.9326923076923077 0.15144230769230768 0.12980769230769232
1 0.11057692307692307 0.25841346153846156 0.14423076923076922 0.1971153846153846
1 0.17908653846153846 0.29927884615384615 0.14423076923076922 0.1971153846153846
1 0.20432692307692307 0.4362980769230769 0.14423076923076922 0.1971153846153846
1 0.1466346153846154 0.4723557692307692 0.14423076923076922 0.1971153846153846
1 0.1141826923076923 0.5168269230769231 0.14423076923076922 0.1971153846153846
1 0.0829326923076923 0.5901442307692307 0.16346153846153846 0.21394230769230768
1 0.12740384615384615 0.9122596153846154 0.22596153846153846 0.17067307692307693
1 0.7692307692307693 0.11899038461538461 0.17307692307692307 0.21153846153846154
1 0.9435096153846154 0.2608173076923077 0.11057692307692307 0.23076923076923078
1 0.9194711538461539 0.08413461538461539 0.15625 0.16826923076923078
1 0.5877403846153846 0.6875 0.18509615384615385 0.21394230769230768
1 0.41586538461538464 0.7007211538461539 0.125 0.1875
1 0.4230769230769231 0.8149038461538461 0.125 0.1875
1 0.5024038461538461 0.9002403846153846 0.1778846153846154 0.19471153846153846