2 0.41346153846153844 0.38341346153846156 0.3293269230769231 0.4375
1 0.07572115384615384 0.75 0.15144230769230768 0.23798076923076922
1 0.125 0.8978365384615384 0.18990384615384615 0.19951923076923078
1 0.21754807692307693 0.8245192307692307 0.1875 0.2403846153846154
1 0.2848557692307692 0.6802884615384616 0.15384615384615385 0.24519230769230768
1 0.32211538461538464 0.7391826923076923 0.15384615384615385 0.24519230769230768
1 0.359375 0.7704326923076923 0.15384615384615385 0.24519230769230768
1 0.4170673076923077 0.7932692307692307 0.15384615384615385 0.24519230769230768
1 0.8509615384615384 0.7512019230769231 0.1778846153846154 0.23076923076923078
1 0.9122596153846154 0.8966346153846154 0.17067307692307693 0.20192307692307693
1 0.8774038461538461 0.10336538461538461 0.18269230769230768 0.20673076923076922
1 0.8966346153846154 0.18028846153846154 0.20192307692307693 0.24519230769230768
1 0.0829326923076923 0.3605769230769231 0.1658653846153846 0.25
1 0.14543269230769232 0.22115384615384615 0.21153846153846154 0.24519230769230768
1 0.0829326923076923 0.14543269230769232 0.1658653846153846 0.24519230769230768
1 0.484375 0.06009615384615385 0.20673076923076922 0.1201923076923077
1 0.4266826923076923 0.9603365384615384 0.14903846153846154 0.07451923076923077
1 0.4987980769230769 0.96875 0.14182692307692307 0.057692307692307696