1 0.42788461538461536 0.6382211538461539 0.31490384615384615 0.12740384615384615
1 0.15264423076923078 0.6911057692307693 0.22115384615384615 0.1971153846153846
1 0.390625 0.7824519230769231 0.20192307692307693 0.15625
1 0.5757211538461539 0.8221153846153846 0.21634615384615385 0.1778846153846154
1 0.7668269230769231 0.5709134615384616 0.24519230769230768 0.1875
1 0.5264423076923077 0.49399038461538464 0.21634615384615385 0.17548076923076922
1 0.38822115384615385 0.35216346153846156 0.21394230769230768 0.1971153846153846
1 0.8149038461538461 0.8918269230769231 0.27403846153846156 0.18990384615384615
1 0.24639423076923078 0.9086538461538461 0.24278846153846154 0.1778846153846154
1 0.16466346153846154 0.3762019230769231 0.24519230769230768 0.15144230769230768
1 0.15504807692307693 0.2800480769230769 0.2668269230769231 0.20432692307692307
1 0.6346153846153846 0.09495192307692307 0.23076923076923078 0.17307692307692307
1 0.7644230769230769 0.08052884615384616 0.20192307692307693 0.15865384615384615
1 0.31850961538461536 0.140625 0.1971153846153846 0.15865384615384615
2 0.7680288461538461 0.3329326923076923 0.4519230769230769 0.36778846153846156
0 0.18269230769230768 0.4987980769230769 0.0673076923076923 0.052884615384615384
0 0.9603365384615384 0.19110576923076922 0.07451923076923077 0.04326923076923077