1 0.3088942307692308 0.20552884615384615 0.20673076923076922 0.18028846153846154
1 0.3269230769230769 0.3786057692307692 0.20192307692307693 0.16826923076923078
1 0.8665865384615384 0.27283653846153844 0.20192307692307693 0.16826923076923078
1 0.13341346153846154 0.84375 0.2620192307692308 0.20192307692307693
1 0.1045673076923077 0.45072115384615385 0.20432692307692307 0.24759615384615385
1 0.5120192307692307 0.6310096153846154 0.20432692307692307 0.18269230769230768
1 0.7391826923076923 0.5685096153846154 0.18269230769230768 0.12980769230769232
1 0.8185096153846154 0.40024038461538464 0.17307692307692307 0.16346153846153846
1 0.796875 0.08533653846153846 0.25 0.16826923076923078
1 0.2956730769230769 0.5240384615384616 0.23317307692307693 0.18028846153846154
1 0.12259615384615384 0.2283653846153846 0.24519230769230768 0.16826923076923078
2 0.6117788461538461 0.4411057692307692 0.2620192307692308 0.22596153846153846