1 0.03365384615384615 0.15384615384615385 0.0673076923076923 0.21634615384615385
1 0.0985576923076923 0.31009615384615385 0.1778846153846154 0.23317307692307693
1 0.24519230769230768 0.43028846153846156 0.1778846153846154 0.23317307692307693
1 0.27403846153846156 0.10817307692307693 0.1778846153846154 0.21153846153846154
1 0.39302884615384615 0.265625 0.16346153846153846 0.21153846153846154
1 0.4987980769230769 0.10697115384615384 0.15865384615384615 0.2091346153846154
1 0.7728365384615384 0.35336538461538464 0.18990384615384615 0.2403846153846154
1 0.7271634615384616 0.6105769230769231 0.1875 0.24519230769230768
1 0.15264423076923078 0.7980769230769231 0.17548076923076922 0.24519230769230768
1 0.7524038461538461 0.8762019230769231 0.1778846153846154 0.24278846153846154
1 0.5745192307692307 0.33533653846153844 0.18990384615384615 0.2403846153846154
1 0.734375 0.08653846153846154 0.17307692307692307 0.17067307692307693
1 0.9387019230769231 0.17307692307692307 0.11778846153846154 0.24519230769230768
2 0.40384615384615385 0.7019230769230769 0.38461538461538464 0.49759615384615385
0 0.8786057692307693 0.609375 0.13221153846153846 0.15625
0 0.8497596153846154 0.9711538461538461 0.07932692307692307 0.052884615384615384