2 0.7884615384615384 0.359375 0.3269230769230769 0.41586538461538464
1 0.5084134615384616 0.2956730769230769 0.18269230769230768 0.23076923076923078
1 0.27524038461538464 0.2608173076923077 0.1778846153846154 0.27884615384615385
1 0.328125 0.6887019230769231 0.18269230769230768 0.3076923076923077
1 0.7716346153846154 0.703125 0.17307692307692307 0.19230769230769232
1 0.59375 0.14182692307692307 0.17307692307692307 0.19230769230769232
1 0.41346153846153844 0.08774038461538461 0.17307692307692307 0.17067307692307693
1 0.04927884615384615 0.5396634615384616 0.09615384615384616 0.2548076923076923
1 0.18990384615384615 0.7620192307692307 0.15384615384615385 0.24519230769230768
1 0.07091346153846154 0.8016826923076923 0.13942307692307693 0.20432692307692307
1 0.13581730769230768 0.4375 0.15625 0.23317307692307693
1 0.6201923076923077 0.8677884615384616 0.18028846153846154 0.22115384615384615
1 0.7439903846153846 0.8209134615384616 0.18028846153846154 0.22115384615384615
1 0.20552884615384615 0.07932692307692307 0.15865384615384615 0.15384615384615385
1 0.4110576923076923 0.08052884615384616 0.15865384615384615 0.15865384615384615