2 0.7704326923076923 0.34975961538461536 0.22355769230769232 0.25961538461538464
2 0.10697115384615384 0.8185096153846154 0.21153846153846154 0.3581730769230769
0 0.6947115384615384 0.19831730769230768 0.052884615384615384 0.08173076923076923
0 0.8786057692307693 0.9639423076923077 0.055288461538461536 0.0673076923076923
1 0.875 0.7992788461538461 0.20192307692307693 0.20673076923076922
1 0.7319711538461539 0.8305288461538461 0.20192307692307693 0.20673076923076922
1 0.765625 0.5721153846153846 0.20192307692307693 0.20673076923076922
1 0.8533653846153846 0.5396634615384616 0.20192307692307693 0.20673076923076922
1 0.31971153846153844 0.7055288461538461 0.20192307692307693 0.20673076923076922
1 0.35336538461538464 0.4699519230769231 0.20192307692307693 0.20673076923076922
1 0.4326923076923077 0.1971153846153846 0.20192307692307693 0.20673076923076922
1 0.2668269230769231 0.28365384615384615 0.14903846153846154 0.22115384615384615
1 0.921875 0.109375 0.14903846153846154 0.21875
1 0.9387019230769231 0.3112980769230769 0.11778846153846154 0.22355769230769232
1 0.055288461538461536 0.22596153846153846 0.10576923076923077 0.25240384615384615
1 0.10576923076923077 0.38822115384615385 0.18269230769230768 0.25240384615384615