1 0.30528846153846156 0.4579326923076923 0.2548076923076923 0.1875
1 0.7355769230769231 0.6923076923076923 0.2548076923076923 0.18990384615384615
1 0.8137019230769231 0.8497596153846154 0.2548076923076923 0.18990384615384615
1 0.3545673076923077 0.9098557692307693 0.21634615384615385 0.1778846153846154
1 0.5853365384615384 0.9326923076923077 0.25721153846153844 0.12980769230769232
1 0.5120192307692307 0.765625 0.20673076923076922 0.16826923076923078
1 0.2692307692307692 0.7151442307692307 0.20673076923076922 0.16826923076923078
1 0.09495192307692307 0.7584134615384616 0.1875 0.17067307692307693
1 0.13822115384615385 0.23197115384615385 0.20673076923076922 0.16826923076923078
2 0.7884615384615384 0.4495192307692308 0.4182692307692308 0.35096153846153844
2 0.5144230769230769 0.1622596153846154 0.5432692307692307 0.3245192307692308