1 0.3485576923076923 0.30408653846153844 0.22115384615384615 0.17548076923076922
1 0.21634615384615385 0.30408653846153844 0.22115384615384615 0.17548076923076922
1 0.47836538461538464 0.08173076923076923 0.22355769230769232 0.16105769230769232
1 0.9074519230769231 0.4170673076923077 0.18028846153846154 0.18028846153846154
1 0.8064903846153846 0.8701923076923077 0.25240384615384615 0.17548076923076922
1 0.9002403846153846 0.21634615384615385 0.1971153846153846 0.17548076923076922
1 0.5673076923076923 0.23317307692307693 0.24278846153846154 0.17548076923076922
1 0.53125 0.5540865384615384 0.22115384615384615 0.17548076923076922
1 0.640625 0.9651442307692307 0.2283653846153846 0.06490384615384616
1 0.09735576923076923 0.4735576923076923 0.1875 0.17307692307692307
1 0.6947115384615384 0.42788461538461536 0.22596153846153846 0.17067307692307693
2 0.15985576923076922 0.7728365384615384 0.3125 0.27884615384615385
0 0.7451923076923077 0.7451923076923077 0.08173076923076923 0.0625
0 0.06971153846153846 0.030048076923076924 0.09615384615384616 0.055288461538461536