1 0.7331730769230769 0.13701923076923078 0.18269230769230768 0.19951923076923078
1 0.4855769230769231 0.7596153846153846 0.19471153846153846 0.23317307692307693
1 0.171875 0.8858173076923077 0.19951923076923078 0.22355769230769232
1 0.07572115384615384 0.7103365384615384 0.14903846153846154 0.22596153846153846
1 0.18269230769230768 0.5576923076923077 0.19471153846153846 0.23317307692307693
1 0.8629807692307693 0.20552884615384615 0.12740384615384615 0.28365384615384615
1 0.25961538461538464 0.10336538461538461 0.1971153846153846 0.20192307692307693
1 0.29447115384615385 0.3233173076923077 0.19471153846153846 0.23317307692307693
1 0.39783653846153844 0.9230769230769231 0.19471153846153846 0.14903846153846154
1 0.8762019230769231 0.8317307692307693 0.19471153846153846 0.23317307692307693
2 0.6610576923076923 0.46274038461538464 0.3557692307692308 0.4519230769230769