1 0.9290865384615384 0.5480769230769231 0.13701923076923078 0.21634615384615385
1 0.5288461538461539 0.43028846153846156 0.17067307692307693 0.28125
1 0.140625 0.6009615384615384 0.17067307692307693 0.28125
1 0.23557692307692307 0.17548076923076922 0.18509615384615385 0.2764423076923077
1 0.29927884615384615 0.5588942307692307 0.15865384615384615 0.22355769230769232
1 0.28966346153846156 0.84375 0.15865384615384615 0.22355769230769232
1 0.9350961538461539 0.21153846153846154 0.125 0.22596153846153846
1 0.039663461538461536 0.7439903846153846 0.07692307692307693 0.22355769230769232
2 0.6550480769230769 0.6802884615384616 0.28365384615384615 0.25961538461538464
0 0.5540865384615384 0.16826923076923078 0.06490384615384616 0.07932692307692307
0 0.20192307692307693 0.4098557692307692 0.06490384615384616 0.07932692307692307