1 0.8052884615384616 0.23197115384615385 0.17307692307692307 0.22596153846153846
1 0.7007211538461539 0.35697115384615385 0.18028846153846154 0.24278846153846154
1 0.5288461538461539 0.27403846153846156 0.19230769230769232 0.2403846153846154
1 0.5300480769230769 0.10336538461538461 0.19471153846153846 0.20192307692307693
1 0.32211538461538464 0.17548076923076922 0.1971153846153846 0.24519230769230768
1 0.16706730769230768 0.5336538461538461 0.1971153846153846 0.24519230769230768
1 0.36658653846153844 0.42788461538461536 0.2091346153846154 0.2620192307692308
1 0.8834134615384616 0.5336538461538461 0.18269230769230768 0.22596153846153846
1 0.8533653846153846 0.7608173076923077 0.18509615384615385 0.21634615384615385
1 0.8100961538461539 0.9314903846153846 0.18269230769230768 0.13221153846153846
1 0.25600961538461536 0.7367788461538461 0.15144230769230768 0.20192307692307693
1 0.15384615384615385 0.7560096153846154 0.15144230769230768 0.20192307692307693
1 0.056490384615384616 0.921875 0.11298076923076923 0.15144230769230768
1 0.19230769230769232 0.9254807692307693 0.15865384615384615 0.14423076923076922
1 0.06971153846153846 0.203125 0.1346153846153846 0.25
1 0.20192307692307693 0.2824519230769231 0.2091346153846154 0.2644230769230769
2 0.5685096153846154 0.8052884615384616 0.43028846153846156 0.38461538461538464