1 0.5829326923076923 0.8004807692307693 0.1875 0.15384615384615385
1 0.3701923076923077 0.8617788461538461 0.19230769230769232 0.13701923076923078
1 0.265625 0.9519230769230769 0.22355769230769232 0.09375
1 0.17067307692307693 0.8329326923076923 0.1971153846153846 0.17307692307692307
1 0.2620192307692308 0.1310096153846154 0.20192307692307693 0.14903846153846154
1 0.09134615384615384 0.11778846153846154 0.1778846153846154 0.18269230769230768
1 0.31009615384615385 0.2800480769230769 0.25961538461538464 0.1971153846153846
1 0.6105769230769231 0.3245192307692308 0.23557692307692307 0.15625
1 0.9182692307692307 0.07932692307692307 0.15865384615384615 0.1346153846153846
1 0.8317307692307693 0.3137019230769231 0.19230769230769232 0.16346153846153846
1 0.06850961538461539 0.43028846153846156 0.1346153846153846 0.13942307692307693
1 0.8185096153846154 0.21634615384615385 0.25961538461538464 0.15625
1 0.48197115384615385 0.9543269230769231 0.20192307692307693 0.08653846153846154
1 0.45552884615384615 0.4254807692307692 0.1875 0.15384615384615385
2 0.6983173076923077 0.5276442307692307 0.49038461538461536 0.3918269230769231