1 0.78125 0.3786057692307692 0.2283653846153846 0.14903846153846154
1 0.6742788461538461 0.06610576923076923 0.23317307692307693 0.12740384615384615
1 0.8870192307692307 0.21754807692307693 0.22115384615384615 0.22355769230769232
1 0.5432692307692307 0.3762019230769231 0.2548076923076923 0.15865384615384615
1 0.08173076923076923 0.3954326923076923 0.15865384615384615 0.16346153846153846
1 0.21153846153846154 0.24519230769230768 0.24759615384615385 0.20432692307692307
1 0.6394230769230769 0.8233173076923077 0.22115384615384615 0.16346153846153846
1 0.47836538461538464 0.9146634615384616 0.2692307692307692 0.16826923076923078
1 0.49399038461538464 0.6730769230769231 0.22355769230769232 0.1658653846153846
1 0.109375 0.5805288461538461 0.21634615384615385 0.20192307692307693
1 0.8245192307692307 0.640625 0.23557692307692307 0.18509615384615385
0 0.8293269230769231 0.8473557692307693 0.08653846153846154 0.0625
2 0.18629807692307693 0.8353365384615384 0.3701923076923077 0.3269230769230769