1 0.12620192307692307 0.33413461538461536 0.20192307692307693 0.1658653846153846
1 0.13942307692307693 0.16826923076923078 0.20192307692307693 0.1658653846153846
1 0.39663461538461536 0.3233173076923077 0.20192307692307693 0.1658653846153846
1 0.8052884615384616 0.5817307692307693 0.22115384615384615 0.1778846153846154
1 0.5985576923076923 0.6959134615384616 0.25721153846153844 0.1875
1 0.21995192307692307 0.7175480769230769 0.21153846153846154 0.14903846153846154
1 0.8401442307692307 0.22115384615384615 0.25721153846153844 0.1875
1 0.9302884615384616 0.3161057692307692 0.1346153846153846 0.16346153846153846
1 0.5396634615384616 0.10817307692307693 0.16826923076923078 0.1875
1 0.18269230769230768 0.8966346153846154 0.2692307692307692 0.18509615384615385
1 0.08533653846153846 0.5769230769230769 0.1658653846153846 0.14903846153846154
1 0.7668269230769231 0.6814903846153846 0.19230769230769232 0.1875
1 0.7884615384615384 0.3918269230769231 0.23798076923076922 0.17067307692307693
2 0.3918269230769231 0.5564903846153846 0.4423076923076923 0.32211538461538464