1 0.36538461538461536 0.5192307692307693 0.20673076923076922 0.2932692307692308
1 0.7415865384615384 0.8293269230769231 0.15384615384615385 0.24759615384615385
1 0.9158653846153846 0.875 0.15384615384615385 0.24519230769230768
1 0.6298076923076923 0.1778846153846154 0.15144230769230768 0.20192307692307693
1 0.625 0.38461538461538464 0.16826923076923078 0.2548076923076923
1 0.5685096153846154 0.6153846153846154 0.16826923076923078 0.2548076923076923
1 0.9182692307692307 0.4387019230769231 0.15865384615384615 0.25
1 0.8257211538461539 0.2620192307692308 0.21875 0.24519230769230768
1 0.10576923076923077 0.5264423076923077 0.20673076923076922 0.27403846153846156
1 0.24879807692307693 0.2824519230769231 0.1875 0.25240384615384615
2 0.3581730769230769 0.8137019230769231 0.33653846153846156 0.3701923076923077
0 0.9579326923076923 0.3125 0.057692307692307696 0.06971153846153846