1 0.25240384615384615 0.375 0.22115384615384615 0.14423076923076922
1 0.3545673076923077 0.0673076923076923 0.22355769230769232 0.1346153846153846
1 0.12860576923076922 0.21995192307692307 0.2548076923076923 0.21394230769230768
1 0.4807692307692308 0.37259615384615385 0.24519230769230768 0.15384615384615385
1 0.9242788461538461 0.390625 0.1466346153846154 0.15865384615384615
1 0.8016826923076923 0.24519230769230768 0.2403846153846154 0.1971153846153846
1 0.38822115384615385 0.8052884615384616 0.21394230769230768 0.15865384615384615
1 0.5444711538461539 0.9050480769230769 0.25961538461538464 0.1875
1 0.5300480769230769 0.6598557692307693 0.21634615384615385 0.15865384615384615
1 0.8978365384615384 0.5697115384615384 0.20192307692307693 0.1971153846153846
1 0.21033653846153846 0.6274038461538461 0.2283653846153846 0.1778846153846154
0 0.20552884615384615 0.828125 0.08653846153846154 0.06009615384615385
2 0.8233173076923077 0.828125 0.35096153846153844 0.34134615384615385