1 0.6213942307692307 0.4519230769230769 0.22115384615384615 0.1875
1 0.8269230769230769 0.40024038461538464 0.25721153846153844 0.22596153846153846
1 0.6105769230769231 0.6201923076923077 0.23076923076923078 0.1875
1 0.28365384615384615 0.9110576923076923 0.2283653846153846 0.17548076923076922
1 0.09375 0.9350961538461539 0.18269230769230768 0.12740384615384615
1 0.07692307692307693 0.34375 0.14903846153846154 0.17307692307692307
1 0.2860576923076923 0.5336538461538461 0.21634615384615385 0.19230769230769232
1 0.9158653846153846 0.0733173076923077 0.16346153846153846 0.14182692307692307
1 0.38221153846153844 0.7536057692307693 0.27403846153846156 0.1778846153846154
1 0.8966346153846154 0.6550480769230769 0.20192307692307693 0.18509615384615385
1 0.7560096153846154 0.9579326923076923 0.2620192307692308 0.08173076923076923
1 0.5252403846153846 0.9278846153846154 0.2644230769230769 0.14182692307692307
1 0.5396634615384616 0.25961538461538464 0.25721153846153844 0.1971153846153846
0 0.96875 0.4098557692307692 0.057692307692307696 0.08413461538461539
2 0.12860576923076922 0.7079326923076923 0.2548076923076923 0.3557692307692308