1 0.7103365384615384 0.6742788461538461 0.20673076923076922 0.18990384615384615
1 0.47596153846153844 0.7692307692307693 0.2620192307692308 0.1971153846153846
1 0.33052884615384615 0.6129807692307693 0.2403846153846154 0.18028846153846154
1 0.4338942307692308 0.5012019230769231 0.20673076923076922 0.17307692307692307
1 0.10336538461538461 0.6045673076923077 0.20192307692307693 0.17548076923076922
1 0.9194711538461539 0.6298076923076923 0.15865384615384615 0.1875
1 0.9495192307692307 0.40384615384615385 0.09615384615384616 0.18509615384615385
1 0.11899038461538461 0.7848557692307693 0.23317307692307693 0.18990384615384615
1 0.8605769230769231 0.9278846153846154 0.24278846153846154 0.14182692307692307
1 0.25721153846153844 0.3112980769230769 0.2403846153846154 0.15384615384615385
1 0.2800480769230769 0.11298076923076923 0.2403846153846154 0.15384615384615385
1 0.39903846153846156 0.05889423076923077 0.24278846153846154 0.11778846153846154
2 0.6983173076923077 0.18629807692307693 0.4110576923076923 0.3701923076923077