1 0.41586538461538464 0.1201923076923077 0.2091346153846154 0.22115384615384615
1 0.06610576923076923 0.052884615384615384 0.12980769230769232 0.10576923076923077
1 0.1622596153846154 0.17067307692307693 0.23557692307692307 0.17548076923076922
1 0.7584134615384616 0.8930288461538461 0.2764423076923077 0.19230769230769232
1 0.7259615384615384 0.6430288461538461 0.33653846153846156 0.20432692307692307
1 0.5685096153846154 0.9471153846153846 0.2548076923076923 0.10096153846153846
1 0.0985576923076923 0.9302884615384616 0.19230769230769232 0.13701923076923078
1 0.3485576923076923 0.6262019230769231 0.2764423076923077 0.19230769230769232
1 0.0985576923076923 0.6382211538461539 0.19230769230769232 0.19471153846153846
1 0.5817307692307693 0.4182692307692308 0.3317307692307692 0.23557692307692307
2 0.15865384615384615 0.3954326923076923 0.3125 0.375