1 0.9098557692307693 0.5408653846153846 0.15144230769230768 0.21634615384615385
1 0.7848557692307693 0.7055288461538461 0.20432692307692307 0.2403846153846154
1 0.8966346153846154 0.2439903846153846 0.1778846153846154 0.24519230769230768
1 0.49399038461538464 0.3605769230769231 0.1971153846153846 0.24519230769230768
1 0.17307692307692307 0.6682692307692307 0.18269230769230768 0.2403846153846154
1 0.7079326923076923 0.33533653846153844 0.20673076923076922 0.2403846153846154
1 0.43509615384615385 0.6418269230769231 0.14903846153846154 0.1971153846153846
1 0.33774038461538464 0.7439903846153846 0.14903846153846154 0.1971153846153846
1 0.07211538461538461 0.9146634615384616 0.14423076923076922 0.1658653846153846
1 0.0985576923076923 0.4266826923076923 0.17307692307692307 0.18269230769230768
1 0.0889423076923077 0.3293269230769231 0.1778846153846154 0.23076923076923078
1 0.6442307692307693 0.5661057692307693 0.17307692307692307 0.34615384615384615
1 0.8052884615384616 0.921875 0.20673076923076922 0.15144230769230768
1 0.4254807692307692 0.7752403846153846 0.1346153846153846 0.17307692307692307
0 0.6971153846153846 0.1141826923076923 0.06971153846153846 0.08173076923076923
0 0.5673076923076923 0.5168269230769231 0.06971153846153846 0.08173076923076923
0 0.3076923076923077 0.5961538461538461 0.052884615384615384 0.10576923076923077
0 0.1502403846153846 0.9435096153846154 0.07211538461538461 0.07692307692307693
2 0.3016826923076923 0.18990384615384615 0.375 0.375