1 0.7211538461538461 0.15504807692307693 0.2932692307692308 0.1201923076923077
1 0.33653846153846156 0.27403846153846156 0.21394230769230768 0.18509615384615385
1 0.46274038461538464 0.07091346153846154 0.21634615384615385 0.14182692307692307
1 0.7355769230769231 0.41947115384615385 0.21634615384615385 0.16826923076923078
1 0.9074519230769231 0.41947115384615385 0.18269230769230768 0.16105769230769232
1 0.5925480769230769 0.8112980769230769 0.20192307692307693 0.16826923076923078
1 0.4579326923076923 0.5817307692307693 0.20673076923076922 0.18269230769230768
1 0.19230769230769232 0.5384615384615384 0.24278846153846154 0.17548076923076922
1 0.06009615384615385 0.8389423076923077 0.1201923076923077 0.17067307692307693
1 0.16826923076923078 0.7043269230769231 0.20673076923076922 0.15865384615384615
1 0.390625 0.6935096153846154 0.2548076923076923 0.15144230769230768
1 0.6574519230769231 0.9338942307692307 0.20192307692307693 0.12980769230769232
1 0.1466346153846154 0.0829326923076923 0.23076923076923078 0.15625
1 0.09014423076923077 0.23798076923076922 0.17548076923076922 0.16346153846153846
1 0.07451923076923077 0.38341346153846156 0.14423076923076922 0.1466346153846154
0 0.6165865384615384 0.013221153846153846 0.07692307692307693 0.026442307692307692
0 0.5516826923076923 0.6454326923076923 0.06490384615384616 0.0673076923076923
2 0.8293269230769231 0.7043269230769231 0.33653846153846156 0.4230769230769231