1 0.09254807692307693 0.4050480769230769 0.1778846153846154 0.13942307692307693
1 0.14543269230769232 0.7259615384615384 0.20673076923076922 0.15865384615384615
1 0.1971153846153846 0.921875 0.21634615384615385 0.15144230769230768
1 0.33774038461538464 0.8016826923076923 0.20673076923076922 0.15865384615384615
1 0.9170673076923077 0.8882211538461539 0.16105769230769232 0.1658653846153846
1 0.8930288461538461 0.6574519230769231 0.2091346153846154 0.19471153846153846
1 0.8882211538461539 0.4699519230769231 0.21875 0.16105769230769232
1 0.9387019230769231 0.08052884615384616 0.11778846153846154 0.16105769230769232
1 0.6875 0.07932692307692307 0.22596153846153846 0.15625
1 0.11538461538461539 0.07091346153846154 0.22596153846153846 0.13942307692307693
1 0.30649038461538464 0.34134615384615385 0.2403846153846154 0.19951923076923078
1 0.4963942307692308 0.42908653846153844 0.2403846153846154 0.19951923076923078
1 0.5793269230769231 0.8689903846153846 0.1971153846153846 0.17548076923076922
1 0.38100961538461536 0.5985576923076923 0.23798076923076922 0.1971153846153846
2 0.7295673076923077 0.30649038461538464 0.4182692307692308 0.34375