1 0.38822115384615385 0.390625 0.15865384615384615 0.22596153846153846
1 0.640625 0.3088942307692308 0.15865384615384615 0.22596153846153846
1 0.5576923076923077 0.3076923076923077 0.15865384615384615 0.22596153846153846
1 0.5228365384615384 0.11778846153846154 0.17307692307692307 0.21634615384615385
1 0.7860576923076923 0.17307692307692307 0.17307692307692307 0.21634615384615385
1 0.9146634615384616 0.15504807692307693 0.1658653846153846 0.22355769230769232
1 0.3485576923076923 0.0733173076923077 0.15865384615384615 0.14423076923076922
1 0.28846153846153844 0.08653846153846154 0.15865384615384615 0.16826923076923078
1 0.24879807692307693 0.13822115384615385 0.15865384615384615 0.18028846153846154
1 0.1814903846153846 0.18509615384615385 0.15865384615384615 0.18028846153846154
1 0.14182692307692307 0.22956730769230768 0.15865384615384615 0.18028846153846154
1 0.109375 0.2620192307692308 0.15865384615384615 0.18028846153846154
1 0.20432692307692307 0.4891826923076923 0.15865384615384615 0.18028846153846154
1 0.1502403846153846 0.47115384615384615 0.15865384615384615 0.18028846153846154
1 0.09134615384615384 0.4423076923076923 0.15865384615384615 0.18028846153846154
1 0.2800480769230769 0.7091346153846154 0.16346153846153846 0.23076923076923078
1 0.9194711538461539 0.6658653846153846 0.15865384615384615 0.23076923076923078
1 0.7908653846153846 0.7560096153846154 0.16346153846153846 0.23076923076923078
1 0.6310096153846154 0.7055288461538461 0.13942307692307693 0.1778846153846154
1 0.36899038461538464 0.9038461538461539 0.13942307692307693 0.1778846153846154
1 0.04567307692307692 0.625 0.08653846153846154 0.18028846153846154
2 0.0985576923076923 0.8389423076923077 0.19230769230769232 0.27403846153846156
1 0.5456730769230769 0.5060096153846154 0.15865384615384615 0.22596153846153846
1 0.6586538461538461 0.8185096153846154 0.15865384615384615 0.22596153846153846
0 0.6935096153846154 0.9627403846153846 0.052884615384615384 0.0625