1 0.10216346153846154 0.7427884615384616 0.1971153846153846 0.25961538461538464
1 0.296875 0.8485576923076923 0.23317307692307693 0.2644230769230769
1 0.953125 0.17427884615384615 0.0889423076923077 0.2091346153846154
1 0.8617788461538461 0.5372596153846154 0.17067307692307693 0.2091346153846154
1 0.4362980769230769 0.5060096153846154 0.18028846153846154 0.2091346153846154
1 0.35216346153846156 0.6069711538461539 0.17307692307692307 0.23076923076923078
1 0.6706730769230769 0.17427884615384615 0.17548076923076922 0.2403846153846154
1 0.859375 0.6850961538461539 0.17307692307692307 0.27163461538461536
1 0.8149038461538461 0.24158653846153846 0.15865384615384615 0.24759615384615385
2 0.6021634615384616 0.7692307692307693 0.3485576923076923 0.4567307692307692
0 0.06850961538461539 0.5588942307692307 0.07692307692307693 0.10336538461538461
0 0.9459134615384616 0.057692307692307696 0.08173076923076923 0.07932692307692307