1 0.23317307692307693 0.29927884615384615 0.2692307692307692 0.15384615384615385
1 0.5036057692307693 0.10817307692307693 0.22115384615384615 0.15865384615384615
1 0.09254807692307693 0.1814903846153846 0.18028846153846154 0.17067307692307693
1 0.47475961538461536 0.7007211538461539 0.20192307692307693 0.16826923076923078
1 0.8485576923076923 0.6141826923076923 0.2403846153846154 0.17307692307692307
1 0.8545673076923077 0.38341346153846156 0.19230769230769232 0.15865384615384615
1 0.6658653846153846 0.7091346153846154 0.20192307692307693 0.16826923076923078
1 0.8786057692307693 0.7596153846153846 0.23798076923076922 0.1778846153846154
1 0.31971153846153844 0.5216346153846154 0.15384615384615385 0.17307692307692307
1 0.1201923076923077 0.5853365384615384 0.2403846153846154 0.10096153846153846
1 0.2608173076923077 0.12740384615384615 0.1875 0.14423076923076922
1 0.8365384615384616 0.21875 0.20673076923076922 0.14903846153846154
1 0.6153846153846154 0.9278846153846154 0.22596153846153846 0.13942307692307693
2 0.5997596153846154 0.5168269230769231 0.4423076923076923 0.34134615384615385