2 0.30649038461538464 0.47115384615384615 0.2548076923076923 0.2692307692307692
1 0.1658653846153846 0.7848557692307693 0.1346153846153846 0.27403846153846156
1 0.44350961538461536 0.3161057692307692 0.14903846153846154 0.20192307692307693
1 0.6310096153846154 0.24278846153846154 0.14903846153846154 0.20192307692307693
1 0.9278846153846154 0.48197115384615385 0.13942307692307693 0.2692307692307692
1 0.9278846153846154 0.7055288461538461 0.13942307692307693 0.2692307692307692
1 0.9399038461538461 0.8966346153846154 0.11538461538461539 0.20192307692307693
1 0.32091346153846156 0.9146634615384616 0.17548076923076922 0.1658653846153846
1 0.5060096153846154 0.921875 0.23798076923076922 0.15144230769230768
1 0.5612980769230769 0.6081730769230769 0.17307692307692307 0.1778846153846154
1 0.2764423076923077 0.11057692307692307 0.25961538461538464 0.2091346153846154
0 0.6694711538461539 0.5949519230769231 0.07932692307692307 0.07692307692307693
0 0.02283653846153846 0.37259615384615385 0.04567307692307692 0.08653846153846154
1 0.7824519230769231 0.4074519230769231 0.17548076923076922 0.2692307692307692
1 0.7199519230769231 0.17908653846153846 0.14903846153846154 0.20192307692307693
1 0.8076923076923077 0.10096153846153846 0.15865384615384615 0.1971153846153846