1 0.40384615384615385 0.09134615384615384 0.13701923076923078 0.1778846153846154
1 0.7223557692307693 0.14423076923076922 0.15865384615384615 0.20673076923076922
1 0.9206730769230769 0.19471153846153846 0.15384615384615385 0.21153846153846154
1 0.7980769230769231 0.33653846153846156 0.15865384615384615 0.20673076923076922
1 0.8834134615384616 0.9158653846153846 0.1658653846153846 0.16346153846153846
1 0.6574519230769231 0.8918269230769231 0.18990384615384615 0.21153846153846154
1 0.46875 0.8870192307692307 0.15865384615384615 0.22115384615384615
1 0.08052884615384616 0.9375 0.16105769230769232 0.1201923076923077
1 0.07932692307692307 0.6838942307692307 0.15625 0.22596153846153846
1 0.07091346153846154 0.11538461538461539 0.13942307692307693 0.22596153846153846
1 0.34134615384615385 0.30528846153846156 0.19951923076923078 0.2403846153846154
1 0.42788461538461536 0.4951923076923077 0.1971153846153846 0.2403846153846154
1 0.8641826923076923 0.5769230769230769 0.17307692307692307 0.1971153846153846
1 0.5961538461538461 0.3798076923076923 0.19471153846153846 0.23557692307692307
2 0.30649038461538464 0.7259615384615384 0.34134615384615385 0.4182692307692308