1 0.9110576923076923 0.6478365384615384 0.17307692307692307 0.2283653846153846
1 0.48197115384615385 0.8942307692307693 0.18028846153846154 0.20673076923076922
1 0.2668269230769231 0.8076923076923077 0.18269230769230768 0.2403846153846154
1 0.06490384615384616 0.42788461538461536 0.12740384615384615 0.23557692307692307
1 0.2247596153846154 0.4050480769230769 0.15865384615384615 0.21153846153846154
1 0.5084134615384616 0.5552884615384616 0.17307692307692307 0.22596153846153846
1 0.5036057692307693 0.3701923076923077 0.17307692307692307 0.2644230769230769
1 0.59375 0.23197115384615385 0.18990384615384615 0.1971153846153846
1 0.4579326923076923 0.1045673076923077 0.19230769230769232 0.20432692307692307
1 0.7247596153846154 0.5264423076923077 0.22596153846153846 0.2980769230769231
1 0.16947115384615385 0.6201923076923077 0.22115384615384615 0.2548076923076923
1 0.5841346153846154 0.7379807692307693 0.17548076923076922 0.22115384615384615
2 0.21394230769230768 0.140625 0.3485576923076923 0.27884615384615385