1 0.265625 0.10697115384615384 0.24519230769230768 0.18509615384615385
1 0.16706730769230768 0.28966346153846156 0.25 0.21875
1 0.7980769230769231 0.9302884615384616 0.1971153846153846 0.1346153846153846
1 0.45913461538461536 0.8185096153846154 0.1971153846153846 0.15865384615384615
1 0.4879807692307692 0.4206730769230769 0.1971153846153846 0.16826923076923078
1 0.39302884615384615 0.34134615384615385 0.21634615384615385 0.16346153846153846
1 0.7980769230769231 0.6394230769230769 0.22596153846153846 0.16346153846153846
1 0.32091346153846156 0.8161057692307693 0.2548076923076923 0.16105769230769232
1 0.7367788461538461 0.7740384615384616 0.23076923076923078 0.1466346153846154
2 0.2403846153846154 0.5733173076923077 0.43028846153846156 0.3245192307692308
0 0.4387019230769231 0.07572115384615384 0.09615384615384616 0.07211538461538461
0 0.9086538461538461 0.8966346153846154 0.07211538461538461 0.07692307692307693