1 0.2091346153846154 0.5240384615384616 0.2091346153846154 0.25961538461538464
1 0.5348557692307693 0.8725961538461539 0.1875 0.19230769230769232
1 0.8581730769230769 0.08533653846153846 0.19230769230769232 0.1658653846153846
1 0.7115384615384616 0.5805288461538461 0.1875 0.22115384615384615
1 0.2980769230769231 0.3269230769230769 0.1875 0.22115384615384615
1 0.9122596153846154 0.3786057692307692 0.17067307692307693 0.25240384615384615
1 0.5048076923076923 0.3269230769230769 0.1875 0.22115384615384615
1 0.0625 0.17668269230769232 0.12259615384615384 0.22355769230769232
1 0.22355769230769232 0.05889423076923077 0.16346153846153846 0.11778846153846154
1 0.9254807692307693 0.7235576923076923 0.14423076923076922 0.21634615384615385
2 0.47596153846153844 0.609375 0.21394230769230768 0.3269230769230769
0 0.8858173076923077 0.8425480769230769 0.04567307692307692 0.0625
0 0.859375 0.9555288461538461 0.04567307692307692 0.08653846153846154