2 0.31850961538461536 0.8269230769230769 0.41586538461538464 0.2932692307692308
2 0.23918269230769232 0.40384615384615385 0.47115384615384615 0.43990384615384615
1 0.4338942307692308 0.6574519230769231 0.25721153846153844 0.1658653846153846
1 0.609375 0.8173076923076923 0.22596153846153846 0.16346153846153846
1 0.7451923076923077 0.8737980769230769 0.1875 0.1346153846153846
1 0.5685096153846154 0.49759615384615385 0.1875 0.1346153846153846
1 0.5396634615384616 0.4387019230769231 0.1875 0.1346153846153846
1 0.7776442307692307 0.5108173076923077 0.1875 0.1346153846153846
1 0.765625 0.44591346153846156 0.1875 0.1346153846153846
1 0.7548076923076923 0.3942307692307692 0.1875 0.1346153846153846
1 0.9350961538461539 0.1935096153846154 0.125 0.15625
1 0.9338942307692307 0.4074519230769231 0.12740384615384615 0.18990384615384615
1 0.9627403846153846 0.5961538461538461 0.07211538461538461 0.18028846153846154
1 0.9230769230769231 0.9158653846153846 0.14903846153846154 0.13942307692307693
1 0.734375 0.24519230769230768 0.22596153846153846 0.21394230769230768
1 0.3918269230769231 0.051682692307692304 0.23798076923076922 0.10096153846153846
1 0.5504807692307693 0.04326923076923077 0.1875 0.08173076923076923
1 0.765625 0.046875 0.18269230769230768 0.09134615384615384