1 0.6899038461538461 0.359375 0.20192307692307693 0.21875
1 0.5300480769230769 0.7175480769230769 0.1971153846153846 0.28125
1 0.7992788461538461 0.5420673076923077 0.18509615384615385 0.25961538461538464
1 0.2824519230769231 0.8557692307692307 0.22115384615384615 0.22115384615384615
1 0.05048076923076923 0.37740384615384615 0.09615384615384616 0.3173076923076923
1 0.609375 0.13822115384615385 0.21394230769230768 0.2548076923076923
1 0.7848557692307693 0.12980769230769232 0.13942307692307693 0.25961538461538464
1 0.9302884615384616 0.703125 0.1346153846153846 0.27403846153846156
1 0.9362980769230769 0.390625 0.12259615384615384 0.2403846153846154
1 0.9399038461538461 0.09375 0.11778846153846154 0.1875
1 0.5733173076923077 0.9110576923076923 0.1971153846153846 0.17307692307692307
0 0.828125 0.3737980769230769 0.04807692307692308 0.0673076923076923
0 0.6478365384615384 0.5252403846153846 0.08653846153846154 0.10336538461538461
2 0.4230769230769231 0.39302884615384615 0.32211538461538464 0.38461538461538464