1 0.6862980769230769 0.6370192307692307 0.24759615384615385 0.16105769230769232
1 0.13581730769230768 0.7055288461538461 0.21153846153846154 0.18509615384615385
1 0.5324519230769231 0.7596153846153846 0.25 0.19230769230769232
1 0.31490384615384615 0.8112980769230769 0.1778846153846154 0.1875
1 0.09495192307692307 0.14783653846153846 0.18509615384615385 0.15865384615384615
1 0.41947115384615385 0.06850961538461539 0.21394230769230768 0.13701923076923078
1 0.6478365384615384 0.06850961538461539 0.21394230769230768 0.13701923076923078
1 0.8617788461538461 0.5144230769230769 0.2403846153846154 0.19951923076923078
1 0.671875 0.36177884615384615 0.23557692307692307 0.17307692307692307
1 0.7199519230769231 0.20192307692307693 0.23557692307692307 0.17307692307692307
1 0.8389423076923077 0.2439903846153846 0.23557692307692307 0.17307692307692307
1 0.5444711538461539 0.9423076923076923 0.21634615384615385 0.11298076923076923
1 0.4675480769230769 0.21394230769230768 0.20673076923076922 0.15384615384615385
2 0.41466346153846156 0.44471153846153844 0.47596153846153844 0.3581730769230769