1 0.7271634615384616 0.8954326923076923 0.20432692307692307 0.20432692307692307
1 0.6947115384615384 0.0673076923076923 0.19230769230769232 0.12980769230769232
1 0.06009615384615385 0.36177884615384615 0.11778846153846154 0.23076923076923078
1 0.9086538461538461 0.6826923076923077 0.1778846153846154 0.1875
1 0.6165865384615384 0.6081730769230769 0.19951923076923078 0.21153846153846154
1 0.8112980769230769 0.19230769230769232 0.19951923076923078 0.21394230769230768
1 0.5168269230769231 0.22235576923076922 0.1875 0.22596153846153846
1 0.109375 0.8317307692307693 0.19471153846153846 0.25961538461538464
1 0.06009615384615385 0.6574519230769231 0.11778846153846154 0.21394230769230768
0 0.5552884615384616 0.7728365384615384 0.06009615384615385 0.08173076923076923
2 0.2800480769230769 0.23076923076923078 0.34134615384615385 0.39903846153846156