2 0.703125 0.2403846153846154 0.2932692307692308 0.36538461538461536
1 0.47596153846153844 0.35336538461538464 0.17548076923076922 0.2548076923076923
1 0.29927884615384615 0.28725961538461536 0.17548076923076922 0.2548076923076923
1 0.43028846153846156 0.6298076923076923 0.17548076923076922 0.2548076923076923
1 0.625 0.6754807692307693 0.16826923076923078 0.2403846153846154
1 0.43149038461538464 0.8786057692307693 0.20432692307692307 0.23798076923076922
1 0.09615384615384616 0.421875 0.1875 0.25
1 0.8173076923076923 0.9314903846153846 0.18028846153846154 0.13221153846153846
1 0.8629807692307693 0.07451923076923077 0.16826923076923078 0.14903846153846154
1 0.8894230769230769 0.4098557692307692 0.13942307692307693 0.20192307692307693
1 0.13701923076923078 0.07211538461538461 0.16105769230769232 0.14423076923076922
1 0.046875 0.6346153846153846 0.09134615384615384 0.17307692307692307
1 0.08533653846153846 0.8449519230769231 0.16826923076923078 0.21153846153846154
1 0.9074519230769231 0.5745192307692307 0.14903846153846154 0.24278846153846154
0 0.7644230769230769 0.6574519230769231 0.0625 0.10096153846153846
1 0.3581730769230769 0.11057692307692307 0.20192307692307693 0.22115384615384615
1 0.5961538461538461 0.59375 0.15384615384615385 0.17307692307692307
1 0.6466346153846154 0.5384615384615384 0.15384615384615385 0.17307692307692307