1 0.2247596153846154 0.8137019230769231 0.2932692307692308 0.16346153846153846
1 0.08533653846153846 0.296875 0.16826923076923078 0.18990384615384615
1 0.11177884615384616 0.5324519230769231 0.21875 0.19951923076923078
1 0.3786057692307692 0.10817307692307693 0.22596153846153846 0.19471153846153846
1 0.7259615384615384 0.6189903846153846 0.22596153846153846 0.19471153846153846
1 0.9134615384615384 0.7512019230769231 0.16826923076923078 0.19471153846153846
1 0.8737980769230769 0.40384615384615385 0.24759615384615385 0.1778846153846154
1 0.6754807692307693 0.8353365384615384 0.1875 0.17307692307692307
1 0.27163461538461536 0.6442307692307693 0.23557692307692307 0.1778846153846154
1 0.4879807692307692 0.7127403846153846 0.27163461538461536 0.23076923076923078
1 0.9242788461538461 0.1502403846153846 0.14903846153846154 0.18028846153846154
1 0.5408653846153846 0.046875 0.23076923076923078 0.09134615384615384
2 0.5240384615384616 0.41466346153846156 0.4519230769230769 0.3485576923076923
0 0.06129807692307692 0.8557692307692307 0.08173076923076923 0.0625