1 0.5024038461538461 0.6310096153846154 0.18990384615384615 0.2403846153846154
1 0.13822115384615385 0.6586538461538461 0.18990384615384615 0.2403846153846154
1 0.7319711538461539 0.7716346153846154 0.17307692307692307 0.28846153846153844
1 0.9230769230769231 0.6983173076923077 0.14903846153846154 0.29086538461538464
1 0.8317307692307693 0.4326923076923077 0.17307692307692307 0.28846153846153844
1 0.8197115384615384 0.12740384615384615 0.1778846153846154 0.25240384615384615
1 0.7427884615384616 0.11057692307692307 0.1778846153846154 0.21875
1 0.39302884615384615 0.4987980769230769 0.1658653846153846 0.2403846153846154
1 0.6706730769230769 0.4831730769230769 0.1658653846153846 0.2403846153846154
1 0.06009615384615385 0.7439903846153846 0.11538461538461539 0.24278846153846154
1 0.5961538461538461 0.9038461538461539 0.20673076923076922 0.1875
1 0.3317307692307692 0.9230769230769231 0.22115384615384615 0.14903846153846154
1 0.3125 0.5216346153846154 0.14423076923076922 0.23557692307692307
1 0.25600961538461536 0.46274038461538464 0.1466346153846154 0.23557692307692307
1 0.19591346153846154 0.4182692307692308 0.1466346153846154 0.23557692307692307
1 0.0733173076923077 0.37259615384615385 0.1466346153846154 0.23798076923076922
0 0.265625 0.8245192307692307 0.0625 0.07692307692307693
0 0.013221153846153846 0.06971153846153846 0.021634615384615384 0.08173076923076923
0 0.18870192307692307 0.2860576923076923 0.0625 0.07692307692307693
2 0.5132211538461539 0.18269230769230768 0.3557692307692308 0.3605769230769231
1 0.27403846153846156 0.20072115384615385 0.14423076923076922 0.28125
1 0.14903846153846154 0.8786057692307693 0.1875 0.17548076923076922