1 0.13221153846153846 0.47115384615384615 0.1778846153846154 0.2644230769230769
1 0.12259615384615384 0.7608173076923077 0.18028846153846154 0.21634615384615385
1 0.23197115384615385 0.8257211538461539 0.15144230769230768 0.20673076923076922
1 0.6658653846153846 0.6310096153846154 0.15144230769230768 0.20673076923076922
1 0.3425480769230769 0.3076923076923077 0.1875 0.19230769230769232
1 0.14423076923076922 0.09495192307692307 0.18990384615384615 0.18509615384615385
1 0.9110576923076923 0.7884615384615384 0.17307692307692307 0.20673076923076922
1 0.47716346153846156 0.4651442307692308 0.2091346153846154 0.25
1 0.5588942307692307 0.18028846153846154 0.16826923076923078 0.22596153846153846
1 0.9050480769230769 0.5733173076923077 0.1875 0.2283653846153846
2 0.4338942307692308 0.8701923076923077 0.3485576923076923 0.2548076923076923