1 0.6574519230769231 0.2283653846153846 0.15384615384615385 0.23317307692307693
1 0.9543269230769231 0.3389423076923077 0.08653846153846154 0.2403846153846154
1 0.8209134615384616 0.11778846153846154 0.2283653846153846 0.23076923076923078
1 0.6598557692307693 0.47115384615384615 0.16346153846153846 0.25961538461538464
1 0.640625 0.9302884615384616 0.16826923076923078 0.1346153846153846
1 0.7944711538461539 0.8100961538461539 0.2091346153846154 0.2548076923076923
1 0.20192307692307693 0.3737980769230769 0.1658653846153846 0.22596153846153846
1 0.0985576923076923 0.5384615384615384 0.19471153846153846 0.27403846153846156
1 0.35697115384615385 0.5228365384615384 0.16826923076923078 0.2283653846153846
1 0.4519230769230769 0.9014423076923077 0.20673076923076922 0.19230769230769232
1 0.390625 0.18389423076923078 0.18990384615384615 0.2403846153846154
0 0.1778846153846154 0.17908653846153846 0.06490384615384616 0.09134615384615384
2 0.17908653846153846 0.8233173076923077 0.3557692307692308 0.35096153846153844