1 0.7403846153846154 0.8629807692307693 0.1875 0.20673076923076922
1 0.484375 0.21754807692307693 0.20192307692307693 0.2403846153846154
1 0.15865384615384615 0.10216346153846154 0.20673076923076922 0.20432692307692307
1 0.06971153846153846 0.26802884615384615 0.1346153846153846 0.23557692307692307
1 0.16947115384615385 0.4266826923076923 0.20192307692307693 0.2403846153846154
1 0.8737980769230769 0.7920673076923077 0.13221153846153846 0.2932692307692308
1 0.25 0.8954326923076923 0.20192307692307693 0.20673076923076922
1 0.2860576923076923 0.6694711538461539 0.20192307692307693 0.2403846153846154
1 0.3918269230769231 0.0625 0.1971153846153846 0.125
1 0.8882211538461539 0.14302884615384615 0.20192307692307693 0.2403846153846154
2 0.6646634615384616 0.5252403846153846 0.36538461538461536 0.46875