2 0.6959134615384616 0.625 0.25 0.3125
1 0.8064903846153846 0.4026442307692308 0.18028846153846154 0.22596153846153846
1 0.4579326923076923 0.3641826923076923 0.14903846153846154 0.2668269230769231
1 0.5192307692307693 0.34975961538461536 0.11538461538461539 0.2644230769230769
1 0.5721153846153846 0.296875 0.11538461538461539 0.2644230769230769
1 0.6141826923076923 0.25721153846153844 0.11538461538461539 0.2644230769230769
1 0.6622596153846154 0.24879807692307693 0.11538461538461539 0.2644230769230769
1 0.21394230769230768 0.42788461538461536 0.18028846153846154 0.22596153846153846
1 0.2980769230769231 0.4543269230769231 0.18028846153846154 0.22596153846153846
1 0.17067307692307693 0.24278846153846154 0.18028846153846154 0.22596153846153846
1 0.04326923076923077 0.1778846153846154 0.08173076923076923 0.23076923076923078
1 0.04927884615384615 0.71875 0.09375 0.21394230769230768
1 0.078125 0.8341346153846154 0.15384615384615385 0.21634615384615385
1 0.3605769230769231 0.7367788461538461 0.18990384615384615 0.24519230769230768
1 0.44711538461538464 0.9086538461538461 0.1971153846153846 0.1778846153846154
1 0.3629807692307692 0.10576923076923077 0.19230769230769232 0.20673076923076922
1 0.6502403846153846 0.08413461538461539 0.18269230769230768 0.16346153846153846
1 0.8425480769230769 0.8533653846153846 0.15625 0.2403846153846154
1 0.6298076923076923 0.9098557692307693 0.15865384615384615 0.17548076923076922