1 0.8701923076923077 0.09134615384615384 0.21875 0.18269230769230768
1 0.6466346153846154 0.14182692307692307 0.3076923076923077 0.22115384615384615
1 0.4651442307692308 0.14302884615384615 0.20673076923076922 0.18990384615384615
1 0.49278846153846156 0.2692307692307692 0.28846153846153844 0.11298076923076923
1 0.07932692307692307 0.09134615384615384 0.15384615384615385 0.14423076923076922
1 0.20192307692307693 0.5012019230769231 0.24519230769230768 0.17067307692307693
1 0.1045673076923077 0.6923076923076923 0.1875 0.14423076923076922
1 0.30408653846153844 0.3545673076923077 0.19230769230769232 0.18269230769230768
1 0.5769230769230769 0.4050480769230769 0.19471153846153846 0.1971153846153846
1 0.8076923076923077 0.3449519230769231 0.25240384615384615 0.19230769230769232
1 0.8125 0.46274038461538464 0.25240384615384615 0.19230769230769232
1 0.7848557692307693 0.6706730769230769 0.28125 0.19230769230769232
1 0.21634615384615385 0.203125 0.2932692307692308 0.12740384615384615
1 0.27403846153846156 0.08052884615384616 0.20192307692307693 0.16105769230769232
1 0.11538461538461539 0.28365384615384615 0.23076923076923078 0.16346153846153846
1 0.5 0.9435096153846154 0.30528846153846156 0.11057692307692307
1 0.9519230769230769 0.8425480769230769 0.09134615384615384 0.20192307692307693
0 0.796875 0.78125 0.10096153846153846 0.0673076923076923
2 0.4831730769230769 0.6838942307692307 0.44471153846153844 0.3798076923076923