1 0.13581730769230768 0.8665865384615384 0.18509615384615385 0.2620192307692308
1 0.3713942307692308 0.8100961538461539 0.2403846153846154 0.22596153846153846
1 0.11298076923076923 0.21995192307692307 0.1971153846153846 0.2403846153846154
1 0.5925480769230769 0.20673076923076922 0.19951923076923078 0.2403846153846154
1 0.39903846153846156 0.3112980769230769 0.19951923076923078 0.2692307692307692
1 0.9266826923076923 0.5420673076923077 0.14423076923076922 0.22596153846153846
1 0.1814903846153846 0.49759615384615385 0.17307692307692307 0.23317307692307693
1 0.22956730769230768 0.40865384615384615 0.14182692307692307 0.19230769230769232
1 0.36899038461538464 0.5649038461538461 0.19230769230769232 0.20192307692307693
1 0.2776442307692308 0.125 0.14903846153846154 0.20673076923076922
1 0.8930288461538461 0.26322115384615385 0.19230769230769232 0.21634615384615385
1 0.04807692307692308 0.4411057692307692 0.09134615384615384 0.27163461538461536
1 0.8209134615384616 0.4579326923076923 0.10096153846153846 0.14423076923076922
2 0.6105769230769231 0.6935096153846154 0.42788461538461536 0.5504807692307693