1 0.4891826923076923 0.0985576923076923 0.22115384615384615 0.13942307692307693
1 0.32091346153846156 0.5793269230769231 0.1971153846153846 0.17307692307692307
1 0.49278846153846156 0.8413461538461539 0.1971153846153846 0.1778846153846154
1 0.2548076923076923 0.8581730769230769 0.22115384615384615 0.18028846153846154
1 0.7199519230769231 0.6826923076923077 0.22115384615384615 0.1778846153846154
1 0.7884615384615384 0.24879807692307693 0.19230769230769232 0.14903846153846154
1 0.09375 0.3317307692307692 0.18269230769230768 0.15144230769230768
1 0.1346153846153846 0.7007211538461539 0.19230769230769232 0.15144230769230768
1 0.875 0.4411057692307692 0.19230769230769232 0.14903846153846154
1 0.3798076923076923 0.5877403846153846 0.1971153846153846 0.17307692307692307
1 0.4639423076923077 0.13221153846153846 0.22115384615384615 0.13942307692307693
2 0.4831730769230769 0.38461538461538464 0.44711538461538464 0.4014423076923077
0 0.19951923076923078 0.22355769230769232 0.09615384615384616 0.07211538461538461