2 0.578125 0.25600961538461536 0.43028846153846156 0.38461538461538464
1 0.5649038461538461 0.7439903846153846 0.23557692307692307 0.1971153846153846
1 0.3076923076923077 0.9098557692307693 0.23557692307692307 0.1778846153846154
1 0.7560096153846154 0.6802884615384616 0.21153846153846154 0.17307692307692307
1 0.75 0.8269230769230769 0.21153846153846154 0.17307692307692307
1 0.6165865384615384 0.9242788461538461 0.21634615384615385 0.1466346153846154
1 0.8016826923076923 0.9326923076923077 0.21634615384615385 0.12980769230769232
1 0.16466346153846154 0.6586538461538461 0.21153846153846154 0.17307692307692307
1 0.16466346153846154 0.5985576923076923 0.21153846153846154 0.17307692307692307
1 0.12620192307692307 0.5144230769230769 0.21153846153846154 0.17307692307692307
1 0.11057692307692307 0.4423076923076923 0.21153846153846154 0.17307692307692307
1 0.07692307692307693 0.2668269230769231 0.15384615384615385 0.1875
1 0.47115384615384615 0.078125 0.2932692307692308 0.15144230769230768
1 0.9182692307692307 0.5084134615384616 0.15865384615384615 0.16826923076923078
1 0.9182692307692307 0.3701923076923077 0.15865384615384615 0.16826923076923078
1 0.06850961538461539 0.0829326923076923 0.13701923076923078 0.16105769230769232
1 0.34615384615384615 0.4110576923076923 0.17307692307692307 0.19230769230769232
1 0.9074519230769231 0.8569711538461539 0.18028846153846154 0.2644230769230769
1 0.21995192307692307 0.3076923076923077 0.2403846153846154 0.13942307692307693
1 0.07692307692307693 0.8149038461538461 0.15384615384615385 0.21153846153846154