1 0.8245192307692307 0.7992788461538461 0.2283653846153846 0.20432692307692307
1 0.4254807692307692 0.5168269230769231 0.17307692307692307 0.18990384615384615
1 0.6358173076923077 0.6153846153846154 0.23076923076923078 0.16826923076923078
1 0.28846153846153844 0.6682692307692307 0.23557692307692307 0.19230769230769232
1 0.0733173076923077 0.6911057692307693 0.14423076923076922 0.19230769230769232
1 0.8810096153846154 0.1201923076923077 0.23557692307692307 0.20192307692307693
1 0.6586538461538461 0.0733173076923077 0.21153846153846154 0.14182692307692307
1 0.14543269230769232 0.09254807692307693 0.22355769230769232 0.18269230769230768
1 0.052884615384615384 0.22235576923076922 0.10576923076923077 0.18509615384615385
1 0.052884615384615384 0.4026442307692308 0.10576923076923077 0.18509615384615385
1 0.2247596153846154 0.890625 0.23076923076923078 0.17548076923076922
1 0.7247596153846154 0.5829326923076923 0.23076923076923078 0.17548076923076922
1 0.7992788461538461 0.33533653846153844 0.1875 0.16826923076923078
1 0.1814903846153846 0.3713942307692308 0.2692307692307692 0.20673076923076922
1 0.34975961538461536 0.9471153846153846 0.21634615384615385 0.10096153846153846
1 0.3425480769230769 0.06610576923076923 0.2091346153846154 0.12740384615384615
0 0.8629807692307693 0.4723557692307692 0.10576923076923077 0.09134615384615384
0 0.49759615384615385 0.8930288461538461 0.14182692307692307 0.10576923076923077
2 0.49158653846153844 0.23197115384615385 0.4375 0.3485576923076923