1 0.9158653846153846 0.12259615384615384 0.16346153846153846 0.23317307692307693
1 0.7704326923076923 0.16105769230769232 0.1778846153846154 0.23076923076923078
1 0.265625 0.11538461538461539 0.15144230769230768 0.22596153846153846
1 0.578125 0.27283653846153844 0.19471153846153846 0.2644230769230769
1 0.6598557692307693 0.45552884615384615 0.19471153846153846 0.2644230769230769
1 0.7055288461538461 0.8810096153846154 0.18509615384615385 0.23317307692307693
1 0.8293269230769231 0.4723557692307692 0.16346153846153846 0.21153846153846154
1 0.13942307692307693 0.6899038461538461 0.17548076923076922 0.2403846153846154
1 0.16826923076923078 0.27403846153846156 0.19951923076923078 0.21875
1 0.39783653846153844 0.30288461538461536 0.17307692307692307 0.20673076923076922
1 0.41466346153846156 0.0889423076923077 0.17307692307692307 0.17307692307692307
1 0.24759615384615385 0.8353365384615384 0.17307692307692307 0.2403846153846154
1 0.3713942307692308 0.9050480769230769 0.16346153846153846 0.1875
0 0.8485576923076923 0.6442307692307693 0.052884615384615384 0.0985576923076923
0 0.7175480769230769 0.6526442307692307 0.09134615384615384 0.11298076923076923
0 0.19230769230769232 0.5144230769230769 0.0673076923076923 0.0985576923076923
0 0.19230769230769232 0.5961538461538461 0.0625 0.07692307692307693
2 0.4495192307692308 0.6598557692307693 0.34615384615384615 0.4230769230769231