1 0.0673076923076923 0.7572115384615384 0.12980769230769232 0.22596153846153846
1 0.36538461538461536 0.4014423076923077 0.2403846153846154 0.14903846153846154
1 0.6081730769230769 0.4567307692307692 0.20673076923076922 0.15384615384615385
1 0.08653846153846154 0.265625 0.16826923076923078 0.15625
1 0.8545673076923077 0.23798076923076922 0.20673076923076922 0.16105769230769232
1 0.4170673076923077 0.03485576923076923 0.21153846153846154 0.06490384615384616
1 0.11658653846153846 0.06370192307692307 0.21153846153846154 0.125
1 0.9182692307692307 0.10697115384615384 0.15865384615384615 0.15384615384615385
1 0.7415865384615384 0.8545673076923077 0.2548076923076923 0.14903846153846154
1 0.29086538461538464 0.765625 0.23076923076923078 0.15865384615384615
1 0.24158653846153846 0.6177884615384616 0.19230769230769232 0.15384615384615385
1 0.5084134615384616 0.7463942307692307 0.23076923076923078 0.18990384615384615
1 0.65625 0.6201923076923077 0.20673076923076922 0.14423076923076922
1 0.7740384615384616 0.5769230769230769 0.20192307692307693 0.15384615384615385
1 0.8413461538461539 0.6959134615384616 0.22596153846153846 0.18028846153846154
2 0.5300480769230769 0.23076923076923078 0.34134615384615385 0.2932692307692308
0 0.9086538461538461 0.5540865384615384 0.09134615384615384 0.06490384615384616