1 0.1778846153846154 0.31490384615384615 0.1778846153846154 0.2283653846153846
1 0.11899038461538461 0.6322115384615384 0.1778846153846154 0.2283653846153846
1 0.06129807692307692 0.4483173076923077 0.11778846153846154 0.23317307692307693
1 0.039663461538461536 0.8004807692307693 0.07692307692307693 0.23557692307692307
1 0.4098557692307692 0.8870192307692307 0.1971153846153846 0.22115384615384615
1 0.42788461538461536 0.18990384615384615 0.19951923076923078 0.24519230769230768
1 0.6045673076923077 0.14783653846153846 0.16346153846153846 0.25961538461538464
1 0.28725961538461536 0.10336538461538461 0.1658653846153846 0.20192307692307693
1 0.9459134615384616 0.4230769230769231 0.10336538461538461 0.2403846153846154
1 0.9555288461538461 0.9026442307692307 0.08653846153846154 0.19230769230769232
1 0.9326923076923077 0.06971153846153846 0.12980769230769232 0.1346153846153846
1 0.7704326923076923 0.08774038461538461 0.19471153846153846 0.17067307692307693
1 0.8677884615384616 0.7716346153846154 0.19230769230769232 0.20673076923076922
2 0.5372596153846154 0.5516826923076923 0.35096153846153844 0.46153846153846156
0 0.5228365384615384 0.9086538461538461 0.04807692307692308 0.08413461538461539