1 0.4879807692307692 0.7367788461538461 0.1971153846153846 0.19471153846153846
1 0.6574519230769231 0.5372596153846154 0.1971153846153846 0.19471153846153846
1 0.8665865384615384 0.26802884615384615 0.1971153846153846 0.19471153846153846
1 0.6826923076923077 0.12379807692307693 0.1971153846153846 0.19471153846153846
1 0.2800480769230769 0.15625 0.1971153846153846 0.19471153846153846
1 0.1466346153846154 0.31971153846153844 0.1875 0.15625
1 0.1814903846153846 0.7367788461538461 0.19951923076923078 0.18269230769230768
1 0.7680288461538461 0.44350961538461536 0.23317307692307693 0.18269230769230768
1 0.47836538461538464 0.25 0.23317307692307693 0.18269230769230768
1 0.2091346153846154 0.5384615384615384 0.22596153846153846 0.16105769230769232
1 0.07932692307692307 0.140625 0.15384615384615385 0.16105769230769232
1 0.9375 0.9014423076923077 0.1201923076923077 0.17548076923076922
2 0.4855769230769231 0.4182692307692308 0.2692307692307692 0.19230769230769232