1 0.8774038461538461 0.7211538461538461 0.2403846153846154 0.19230769230769232
1 0.30649038461538464 0.2980769230769231 0.25 0.18509615384615385
1 0.30649038461538464 0.46875 0.25 0.18509615384615385
1 0.16466346153846154 0.6334134615384616 0.25240384615384615 0.21634615384615385
1 0.265625 0.8112980769230769 0.24519230769230768 0.15144230769230768
1 0.7403846153846154 0.13701923076923078 0.2091346153846154 0.18028846153846154
1 0.9302884615384616 0.5348557692307693 0.1346153846153846 0.15625
1 0.6298076923076923 0.71875 0.25 0.18509615384615385
1 0.5420673076923077 0.052884615384615384 0.24759615384615385 0.10576923076923077
0 0.06490384615384616 0.11057692307692307 0.125 0.11057692307692307
0 0.0889423076923077 0.3389423076923077 0.0889423076923077 0.0625
0 0.5793269230769231 0.1502403846153846 0.11538461538461539 0.07451923076923077
0 0.6995192307692307 0.9831730769230769 0.10576923076923077 0.03125
2 0.7355769230769231 0.37259615384615385 0.4375 0.32211538461538464