1 0.32091346153846156 0.29927884615384615 0.22115384615384615 0.15144230769230768
1 0.11057692307692307 0.21033653846153846 0.20673076923076922 0.15384615384615385
1 0.09975961538461539 0.47475961538461536 0.1971153846153846 0.14903846153846154
1 0.12259615384615384 0.6694711538461539 0.1971153846153846 0.14903846153846154
1 0.3245192307692308 0.9387019230769231 0.18028846153846154 0.1201923076923077
1 0.7680288461538461 0.9206730769230769 0.20432692307692307 0.15625
1 0.6995192307692307 0.3870192307692308 0.20192307692307693 0.16826923076923078
1 0.8930288461538461 0.17067307692307693 0.20192307692307693 0.16826923076923078
1 0.375 0.625 0.20673076923076922 0.19951923076923078
1 0.8293269230769231 0.39783653846153844 0.18269230769230768 0.15865384615384615
1 0.5444711538461539 0.28725961538461536 0.27403846153846156 0.19230769230769232
2 0.671875 0.6045673076923077 0.3870192307692308 0.30288461538461536