1 0.32572115384615385 0.7548076923076923 0.19951923076923078 0.17307692307692307
1 0.34375 0.5877403846153846 0.19230769230769232 0.15865384615384615
1 0.8629807692307693 0.6899038461538461 0.19230769230769232 0.15865384615384615
1 0.14903846153846154 0.140625 0.2644230769230769 0.19230769230769232
1 0.1141826923076923 0.5192307692307693 0.2283653846153846 0.23557692307692307
1 0.5228365384615384 0.3449519230769231 0.1971153846153846 0.1778846153846154
1 0.7403846153846154 0.4050480769230769 0.17548076923076922 0.125
1 0.8173076923076923 0.5673076923076923 0.16826923076923078 0.15865384615384615
1 0.7956730769230769 0.8846153846153846 0.2403846153846154 0.18990384615384615
1 0.3137019230769231 0.4483173076923077 0.22596153846153846 0.17307692307692307
1 0.14783653846153846 0.7319711538461539 0.23557692307692307 0.16105769230769232
2 0.6177884615384616 0.5288461538461539 0.25240384615384615 0.21634615384615385