1 0.3088942307692308 0.8581730769230769 0.17307692307692307 0.22115384615384615
1 0.4362980769230769 0.5745192307692307 0.16826923076923078 0.2548076923076923
1 0.5384615384615384 0.31850961538461536 0.1658653846153846 0.21634615384615385
1 0.7355769230769231 0.26322115384615385 0.1778846153846154 0.20432692307692307
1 0.8870192307692307 0.11778846153846154 0.1971153846153846 0.23076923076923078
1 0.9375 0.8353365384615384 0.1201923076923077 0.22596153846153846
1 0.18389423076923078 0.6514423076923077 0.21394230769230768 0.2764423076923077
1 0.09495192307692307 0.49759615384615385 0.18509615384615385 0.25961538461538464
1 0.7415865384615384 0.8305288461538461 0.1875 0.2403846153846154
1 0.5769230769230769 0.14783653846153846 0.1875 0.2403846153846154
1 0.07451923076923077 0.7920673076923077 0.14423076923076922 0.23798076923076922
2 0.8353365384615384 0.5625 0.3269230769230769 0.3894230769230769
0 0.1778846153846154 0.8413461538461539 0.07692307692307693 0.08653846153846154