1 0.7295673076923077 0.7980769230769231 0.20192307692307693 0.13942307692307693
1 0.484375 0.4423076923076923 0.21634615384615385 0.18269230769230768
1 0.578125 0.06850961538461539 0.1971153846153846 0.1346153846153846
1 0.40384615384615385 0.12259615384615384 0.21634615384615385 0.16346153846153846
1 0.10697115384615384 0.13822115384615385 0.2091346153846154 0.17067307692307693
1 0.234375 0.2091346153846154 0.21153846153846154 0.16826923076923078
1 0.22716346153846154 0.0829326923076923 0.21394230769230768 0.16346153846153846
1 0.6081730769230769 0.27163461538461536 0.21634615384615385 0.18269230769230768
1 0.890625 0.4170673076923077 0.1971153846153846 0.13942307692307693
1 0.9158653846153846 0.15865384615384615 0.16346153846153846 0.14903846153846154
1 0.9158653846153846 0.2920673076923077 0.16346153846153846 0.14903846153846154
1 0.9158653846153846 0.921875 0.16346153846153846 0.14903846153846154
1 0.15745192307692307 0.7007211538461539 0.22115384615384615 0.12980769230769232
2 0.17067307692307693 0.8978365384615384 0.30288461538461536 0.19471153846153846
0 0.11298076923076923 0.44711538461538464 0.08413461538461539 0.07211538461538461