1 0.7091346153846154 0.8846153846153846 0.1971153846153846 0.15625
1 0.8305288461538461 0.43990384615384615 0.22115384615384615 0.19471153846153846
1 0.5240384615384616 0.09014423076923077 0.2692307692307692 0.1778846153846154
1 0.18028846153846154 0.14543269230769232 0.2668269230769231 0.19230769230769232
1 0.078125 0.27884615384615385 0.15625 0.17307692307692307
1 0.6177884615384616 0.4026442307692308 0.1971153846153846 0.16346153846153846
1 0.6802884615384616 0.23918269230769232 0.21634615384615385 0.21394230769230768
1 0.8221153846153846 0.0625 0.21634615384615385 0.12259615384615384
1 0.9074519230769231 0.921875 0.18028846153846154 0.15384615384615385
1 0.14783653846153846 0.8076923076923077 0.23557692307692307 0.16346153846153846
1 0.5132211538461539 0.671875 0.24519230769230768 0.20432692307692307
1 0.7644230769230769 0.71875 0.19951923076923078 0.18269230769230768