1 0.4375 0.16105769230769232 0.1778846153846154 0.21394230769230768
1 0.609375 0.12379807692307693 0.1778846153846154 0.21394230769230768
1 0.8052884615384616 0.11057692307692307 0.1778846153846154 0.21394230769230768
1 0.9170673076923077 0.3245192307692308 0.16346153846153846 0.24759615384615385
1 0.8786057692307693 0.9002403846153846 0.18990384615384615 0.19471153846153846
1 0.6358173076923077 0.6646634615384616 0.1875 0.25240384615384615
1 0.7151442307692307 0.8581730769230769 0.17548076923076922 0.23557692307692307
1 0.05048076923076923 0.16706730769230768 0.09615384615384616 0.25240384615384615
1 0.07211538461538461 0.6177884615384616 0.14423076923076922 0.22115384615384615
1 0.703125 0.49759615384615385 0.15144230769230768 0.22115384615384615
1 0.8569711538461539 0.7524038461538461 0.1971153846153846 0.21153846153846154
2 0.40384615384615385 0.5673076923076923 0.4206730769230769 0.3918269230769231