1 0.30408653846153844 0.4338942307692308 0.13701923076923078 0.20673076923076922
1 0.20793269230769232 0.4338942307692308 0.13701923076923078 0.2091346153846154
1 0.2932692307692308 0.8461538461538461 0.15625 0.20673076923076922
1 0.578125 0.9050480769230769 0.15625 0.18509615384615385
1 0.45913461538461536 0.5961538461538461 0.13221153846153846 0.24278846153846154
1 0.8810096153846154 0.6826923076923077 0.15865384615384615 0.23798076923076922
1 0.9519230769230769 0.29927884615384615 0.09134615384615384 0.23557692307692307
2 0.6682692307692307 0.5997596153846154 0.3557692307692308 0.40865384615384615
1 0.2848557692307692 0.24519230769230768 0.16826923076923078 0.20192307692307693
1 0.44591346153846156 0.21394230769230768 0.16826923076923078 0.20192307692307693
1 0.5516826923076923 0.1466346153846154 0.18269230769230768 0.20432692307692307