1 0.1622596153846154 0.2860576923076923 0.21634615384615385 0.16826923076923078
1 0.43990384615384615 0.4110576923076923 0.25 0.16346153846153846
1 0.6899038461538461 0.5108173076923077 0.21153846153846154 0.16105769230769232
1 0.7451923076923077 0.703125 0.19951923076923078 0.17548076923076922
1 0.8858173076923077 0.8521634615384616 0.22355769230769232 0.19471153846153846
1 0.18509615384615385 0.9206730769230769 0.22115384615384615 0.15625
1 0.36538461538461536 0.16346153846153846 0.2692307692307692 0.2091346153846154
1 0.5144230769230769 0.08533653846153846 0.2548076923076923 0.17067307692307693
1 0.18990384615384615 0.7091346153846154 0.23557692307692307 0.18269230769230768
1 0.8569711538461539 0.5480769230769231 0.23557692307692307 0.18269230769230768
1 0.22596153846153846 0.06490384615384616 0.23557692307692307 0.12980769230769232
2 0.453125 0.8016826923076923 0.3798076923076923 0.32211538461538464
0 0.17908653846153846 0.15745192307692307 0.08653846153846154 0.07451923076923077