1 0.5324519230769231 0.4182692307692308 0.1875 0.20432692307692307
1 0.6586538461538461 0.6009615384615384 0.19230769230769232 0.24519230769230768
1 0.6622596153846154 0.6057692307692307 0.19230769230769232 0.24519230769230768
1 0.8004807692307693 0.4963942307692308 0.18269230769230768 0.2283653846153846
1 0.9158653846153846 0.9314903846153846 0.16346153846153846 0.13701923076923078
1 0.13942307692307693 0.8834134615384616 0.17307692307692307 0.20673076923076922
1 0.09975961538461539 0.6334134615384616 0.16826923076923078 0.22115384615384615
1 0.8930288461538461 0.27163461538461536 0.13942307692307693 0.19951923076923078
1 0.8629807692307693 0.7151442307692307 0.13942307692307693 0.19951923076923078
1 0.8846153846153846 0.5240384615384616 0.13942307692307693 0.19951923076923078
1 0.38822115384615385 0.34975961538461536 0.11057692307692307 0.23317307692307693
1 0.31850961538461536 0.8209134615384616 0.15384615384615385 0.19230769230769232
1 0.23197115384615385 0.6418269230769231 0.16826923076923078 0.19230769230769232
1 0.34975961538461536 0.0673076923076923 0.16826923076923078 0.12980769230769232
1 0.6935096153846154 0.38461538461538464 0.14903846153846154 0.21634615384615385
2 0.18509615384615385 0.3161057692307692 0.31971153846153844 0.4519230769230769
0 0.4639423076923077 0.15504807692307693 0.0673076923076923 0.08413461538461539