2 0.45552884615384615 0.6382211538461539 0.2620192307692308 0.34615384615384615
1 0.5228365384615384 0.14302884615384615 0.23317307692307693 0.23076923076923078
1 0.39783653846153844 0.375 0.18509615384615385 0.2548076923076923
1 0.1466346153846154 0.30288461538461536 0.18509615384615385 0.2548076923076923
1 0.21514423076923078 0.43990384615384615 0.18509615384615385 0.2548076923076923
1 0.24879807692307693 0.5949519230769231 0.18509615384615385 0.2548076923076923
1 0.15745192307692307 0.640625 0.15865384615384615 0.21634615384615385
1 0.16105769230769232 0.7548076923076923 0.15865384615384615 0.21634615384615385
1 0.1971153846153846 0.859375 0.15865384615384615 0.21634615384615385
1 0.078125 0.7692307692307693 0.15384615384615385 0.21875
1 0.9350961538461539 0.15144230769230768 0.125 0.2548076923076923
1 0.7848557692307693 0.11658653846153846 0.19471153846153846 0.23076923076923078
1 0.2127403846153846 0.12259615384615384 0.21634615384615385 0.2403846153846154
0 0.33533653846153844 0.06610576923076923 0.06971153846153846 0.125
0 0.6346153846153846 0.9278846153846154 0.0673076923076923 0.07211538461538461
1 0.6117788461538461 0.35216346153846156 0.15625 0.23076923076923078
1 0.8846153846153846 0.4375 0.15625 0.23076923076923078
1 0.8629807692307693 0.9350961538461539 0.14423076923076922 0.125
1 0.7331730769230769 0.9350961538461539 0.14423076923076922 0.125
1 0.9206730769230769 0.8894230769230769 0.15384615384615385 0.19230769230769232