1 0.8581730769230769 0.23197115384615385 0.18028846153846154 0.14903846153846154
1 0.7836538461538461 0.47475961538461536 0.20673076923076922 0.16826923076923078
1 0.7175480769230769 0.7091346153846154 0.1778846153846154 0.1658653846153846
1 0.7355769230769231 0.9050480769230769 0.2644230769230769 0.12740384615384615
1 0.5612980769230769 0.13341346153846154 0.27403846153846156 0.18269230769230768
1 0.5709134615384616 0.45552884615384615 0.20673076923076922 0.16826923076923078
1 0.5625 0.5697115384615384 0.20673076923076922 0.1466346153846154
1 0.22716346153846154 0.4879807692307692 0.20673076923076922 0.16826923076923078
1 0.3557692307692308 0.40384615384615385 0.21153846153846154 0.18269230769230768
1 0.45072115384615385 0.2980769230769231 0.21153846153846154 0.18269230769230768
1 0.2644230769230769 0.11298076923076923 0.21153846153846154 0.18269230769230768
1 0.5432692307692307 0.7403846153846154 0.19230769230769232 0.15384615384615385
1 0.5228365384615384 0.8112980769230769 0.19230769230769232 0.15384615384615385
1 0.328125 0.7439903846153846 0.20192307692307693 0.1875
1 0.12620192307692307 0.6129807692307693 0.20192307692307693 0.1875
1 0.9002403846153846 0.6334134615384616 0.19471153846153846 0.23798076923076922
1 0.25240384615384615 0.26322115384615385 0.18028846153846154 0.14903846153846154
1 0.14302884615384615 0.2848557692307692 0.18028846153846154 0.14903846153846154
2 0.09735576923076923 0.8112980769230769 0.19230769230769232 0.3173076923076923