2 0.25721153846153844 0.6526442307692307 0.2644230769230769 0.2091346153846154
1 0.6682692307692307 0.5444711538461539 0.2283653846153846 0.18028846153846154
1 0.21634615384615385 0.4543269230769231 0.2283653846153846 0.18028846153846154
1 0.6069711538461539 0.359375 0.20432692307692307 0.1466346153846154
1 0.7019230769230769 0.1971153846153846 0.20432692307692307 0.1466346153846154
1 0.7391826923076923 0.25600961538461536 0.20432692307692307 0.1466346153846154
1 0.8701923076923077 0.3701923076923077 0.23557692307692307 0.20432692307692307
1 0.5348557692307693 0.609375 0.19230769230769232 0.15865384615384615
1 0.7848557692307693 0.7692307692307693 0.24759615384615385 0.21153846153846154
1 0.08052884615384616 0.8425480769230769 0.16105769230769232 0.18269230769230768
1 0.08533653846153846 0.6490384615384616 0.16826923076923078 0.16346153846153846
1 0.07692307692307693 0.25961538461538464 0.15384615384615385 0.18269230769230768
1 0.35216346153846156 0.08533653846153846 0.1971153846153846 0.16826923076923078
1 0.484375 0.0829326923076923 0.1971153846153846 0.16346153846153846
1 0.6045673076923077 0.0625 0.21153846153846154 0.1201923076923077
1 0.28365384615384615 0.18028846153846154 0.21153846153846154 0.15384615384615385
1 0.20552884615384615 0.2668269230769231 0.21153846153846154 0.15384615384615385
1 0.3557692307692308 0.25 0.21153846153846154 0.15384615384615385
1 0.4110576923076923 0.25 0.21634615384615385 0.16826923076923078
1 0.41466346153846156 0.29086538461538464 0.21634615384615385 0.16826923076923078
1 0.46274038461538464 0.3581730769230769 0.21634615384615385 0.16826923076923078
1 0.5889423076923077 0.8329326923076923 0.22596153846153846 0.19951923076923078
1 0.921875 0.16947115384615385 0.15384615384615385 0.20673076923076922
1 0.875 0.9326923076923077 0.24519230769230768 0.12980769230769232
0 0.23677884615384615 0.8173076923076923 0.10096153846153846 0.0625