1 0.8822115384615384 0.7115384615384616 0.15384615384615385 0.1971153846153846
1 0.4423076923076923 0.8317307692307693 0.19230769230769232 0.21875
1 0.09254807692307693 0.5288461538461539 0.18269230769230768 0.2668269230769231
1 0.1502403846153846 0.1875 0.18990384615384615 0.2644230769230769
1 0.2824519230769231 0.08173076923076923 0.17067307692307693 0.16346153846153846
1 0.40625 0.6213942307692307 0.15865384615384615 0.1971153846153846
1 0.24278846153846154 0.6826923076923077 0.21153846153846154 0.21394230769230768
1 0.06490384615384616 0.8233173076923077 0.12740384615384615 0.21394230769230768
1 0.9194711538461539 0.9086538461538461 0.15384615384615385 0.1778846153846154
1 0.8064903846153846 0.15384615384615385 0.15865384615384615 0.23317307692307693
1 0.671875 0.5168269230769231 0.20192307692307693 0.24519230769230768
1 0.7175480769230769 0.7668269230769231 0.18028846153846154 0.1971153846153846