1 0.11177884615384616 0.11778846153846154 0.22115384615384615 0.17307692307692307
1 0.2548076923076923 0.30649038461538464 0.22596153846153846 0.17307692307692307
1 0.7956730769230769 0.078125 0.21153846153846154 0.15384615384615385
1 0.5024038461538461 0.4807692307692308 0.21875 0.15865384615384615
1 0.2620192307692308 0.6574519230769231 0.21875 0.16105769230769232
1 0.38341346153846156 0.921875 0.22115384615384615 0.15384615384615385
1 0.5877403846153846 0.859375 0.21875 0.16346153846153846
1 0.5697115384615384 0.7175480769230769 0.1778846153846154 0.13942307692307693
1 0.9338942307692307 0.7620192307692307 0.12980769230769232 0.13942307692307693
1 0.32091346153846156 0.0985576923076923 0.21875 0.15865384615384615
1 0.6129807692307693 0.20192307692307693 0.2548076923076923 0.14903846153846154
2 0.8545673076923077 0.32211538461538464 0.2668269230769231 0.21153846153846154