1 0.19110576923076922 0.9411057692307693 0.24278846153846154 0.11298076923076923
1 0.051682692307692304 0.6045673076923077 0.10096153846153846 0.21153846153846154
1 0.04447115384615385 0.7115384615384616 0.08653846153846154 0.17067307692307693
1 0.1201923076923077 0.11538461538461539 0.19230769230769232 0.14423076923076922
1 0.25600961538461536 0.43028846153846156 0.1971153846153846 0.18269230769230768
1 0.8028846153846154 0.0829326923076923 0.23317307692307693 0.16346153846153846
1 0.5973557692307693 0.8293269230769231 0.1971153846153846 0.13942307692307693
1 0.34975961538461536 0.7295673076923077 0.1971153846153846 0.13942307692307693
1 0.42427884615384615 0.8581730769230769 0.24519230769230768 0.1875
1 0.28846153846153844 0.203125 0.14903846153846154 0.17307692307692307
1 0.33653846153846156 0.0625 0.1971153846153846 0.12259615384615384
2 0.6346153846153846 0.328125 0.5480769230769231 0.4375