1 0.4423076923076923 0.25841346153846156 0.24519230769230768 0.24519230769230768
1 0.6814903846153846 0.34615384615384615 0.27403846153846156 0.21153846153846154
1 0.8858173076923077 0.4723557692307692 0.22115384615384615 0.18269230769230768
1 0.7752403846153846 0.640625 0.2548076923076923 0.17067307692307693
1 0.5865384615384616 0.7019230769230769 0.2548076923076923 0.17067307692307693
1 0.6911057692307693 0.8605769230769231 0.2548076923076923 0.15865384615384615
1 0.35336538461538464 0.75 0.20673076923076922 0.22355769230769232
1 0.19230769230769232 0.6153846153846154 0.22115384615384615 0.15625
1 0.14543269230769232 0.2956730769230769 0.19951923076923078 0.1778846153846154
1 0.9254807692307693 0.20673076923076922 0.14423076923076922 0.17548076923076922
2 0.10576923076923077 0.7872596153846154 0.21153846153846154 0.3918269230769231