1 0.6117788461538461 0.3918269230769231 0.1875 0.22596153846153846
1 0.5877403846153846 0.6875 0.1875 0.22596153846153846
1 0.6490384615384616 0.8894230769230769 0.1875 0.21634615384615385
1 0.2764423076923077 0.26802884615384615 0.1875 0.22596153846153846
1 0.13221153846153846 0.11778846153846154 0.1346153846153846 0.18269230769230768
1 0.265625 0.6586538461538461 0.16826923076923078 0.22115384615384615
1 0.140625 0.7055288461538461 0.16826923076923078 0.22115384615384615
1 0.24879807692307693 0.8701923076923077 0.1778846153846154 0.20673076923076922
1 0.8185096153846154 0.27163461538461536 0.1778846153846154 0.20673076923076922
1 0.7908653846153846 0.6694711538461539 0.20432692307692307 0.22596153846153846
1 0.9194711538461539 0.4879807692307692 0.15865384615384615 0.27403846153846156
1 0.6153846153846154 0.10576923076923077 0.1778846153846154 0.20673076923076922
1 0.6814903846153846 0.12980769230769232 0.1778846153846154 0.20673076923076922
1 0.9146634615384616 0.8245192307692307 0.16826923076923078 0.20673076923076922
2 0.09615384615384616 0.40865384615384615 0.19230769230769232 0.4807692307692308
0 0.2668269230769231 0.49399038461538464 0.0625 0.10576923076923077