1 0.4411057692307692 0.19110576923076922 0.19230769230769232 0.15865384615384615
1 0.6586538461538461 0.12740384615384615 0.1971153846153846 0.13942307692307693
1 0.7668269230769231 0.04326923076923077 0.23076923076923078 0.08173076923076923
1 0.8629807692307693 0.15745192307692307 0.20192307692307693 0.1778846153846154
1 0.7692307692307693 0.8762019230769231 0.20432692307692307 0.15144230769230768
1 0.9254807692307693 0.8894230769230769 0.14423076923076922 0.1875
1 0.7199519230769231 0.7235576923076923 0.2644230769230769 0.20192307692307693
1 0.41346153846153844 0.6778846153846154 0.2403846153846154 0.15865384615384615
1 0.0889423076923077 0.9278846153846154 0.1778846153846154 0.13221153846153846
1 0.1875 0.6887019230769231 0.1971153846153846 0.16826923076923078
1 0.9483173076923077 0.5697115384615384 0.0985576923076923 0.14423076923076922
1 0.20072115384615385 0.7884615384615384 0.2644230769230769 0.16105769230769232
1 0.5456730769230769 0.039663461538461536 0.20432692307692307 0.07692307692307693
1 0.5721153846153846 0.5745192307692307 0.19230769230769232 0.15865384615384615
2 0.3233173076923077 0.4699519230769231 0.5024038461538461 0.4014423076923077