1 0.11778846153846154 0.21634615384615385 0.1778846153846154 0.2692307692307692
1 0.5733173076923077 0.12139423076923077 0.18028846153846154 0.23798076923076922
1 0.8786057692307693 0.37259615384615385 0.1875 0.2403846153846154
1 0.8425480769230769 0.578125 0.1971153846153846 0.22115384615384615
1 0.9423076923076923 0.8185096153846154 0.11057692307692307 0.2668269230769231
1 0.8137019230769231 0.8149038461538461 0.1466346153846154 0.24519230769230768
1 0.6418269230769231 0.8894230769230769 0.20192307692307693 0.21634615384615385
1 0.6502403846153846 0.6899038461538461 0.18269230769230768 0.1971153846153846
1 0.43149038461538464 0.7295673076923077 0.18269230769230768 0.1971153846153846
1 0.6682692307692307 0.47115384615384615 0.15144230769230768 0.20673076923076922
1 0.8125 0.0889423076923077 0.15865384615384615 0.17307692307692307
1 0.37740384615384615 0.07572115384615384 0.15865384615384615 0.1466346153846154
1 0.31971153846153844 0.24158653846153846 0.17307692307692307 0.1971153846153846
1 0.10096153846153846 0.6610576923076923 0.20192307692307693 0.23317307692307693
2 0.4891826923076923 0.43028846153846156 0.3317307692307692 0.4807692307692308