1 0.6021634615384616 0.43990384615384615 0.19471153846153846 0.1778846153846154
1 0.4266826923076923 0.32091346153846156 0.23557692307692307 0.18269230769230768
1 0.4230769230769231 0.3173076923076923 0.23557692307692307 0.18269230769230768
1 0.5264423076923077 0.18509615384615385 0.21875 0.17307692307692307
1 0.09014423076923077 0.078125 0.17548076923076922 0.15625
1 0.15745192307692307 0.8137019230769231 0.1971153846153846 0.16346153846153846
1 0.39663461538461536 0.8521634615384616 0.21153846153846154 0.16346153846153846
1 0.7415865384615384 0.09735576923076923 0.19230769230769232 0.1346153846153846
1 0.3173076923076923 0.125 0.19230769230769232 0.1346153846153846
1 0.5 0.1045673076923077 0.19230769230769232 0.1346153846153846
1 0.6658653846153846 0.578125 0.22115384615384615 0.10576923076923077
1 0.21754807692307693 0.6442307692307693 0.18269230769230768 0.14423076923076922
1 0.38822115384615385 0.7259615384615384 0.18269230769230768 0.15865384615384615
1 0.9350961538461539 0.6141826923076923 0.125 0.16346153846153846
1 0.6334134615384616 0.28725961538461536 0.20673076923076922 0.14423076923076922
2 0.6983173076923077 0.7716346153846154 0.43028846153846156 0.30528846153846156
0 0.8521634615384616 0.5060096153846154 0.08173076923076923 0.06490384615384616