1 0.7608173076923077 0.8569711538461539 0.15144230769230768 0.18269230769230768
1 0.515625 0.7824519230769231 0.16826923076923078 0.20673076923076922
1 0.2800480769230769 0.7151442307692307 0.16826923076923078 0.1778846153846154
1 0.0829326923076923 0.7331730769230769 0.12740384615384615 0.2668269230769231
1 0.859375 0.5576923076923077 0.18509615384615385 0.2764423076923077
1 0.5348557692307693 0.5673076923076923 0.16826923076923078 0.20673076923076922
1 0.41947115384615385 0.5588942307692307 0.14903846153846154 0.20673076923076922
1 0.5024038461538461 0.21995192307692307 0.16826923076923078 0.20673076923076922
1 0.5877403846153846 0.34975961538461536 0.18509615384615385 0.21634615384615385
1 0.6935096153846154 0.44591346153846156 0.18509615384615385 0.21634615384615385
1 0.8798076923076923 0.25721153846153844 0.18509615384615385 0.21634615384615385
1 0.24879807692307693 0.5396634615384616 0.15625 0.19471153846153846
1 0.1778846153846154 0.5180288461538461 0.15625 0.19471153846153846
1 0.24519230769230768 0.3233173076923077 0.18990384615384615 0.20432692307692307
1 0.37740384615384615 0.11899038461538461 0.18990384615384615 0.20432692307692307
1 0.3557692307692308 0.9002403846153846 0.23557692307692307 0.19471153846153846
1 0.7283653846153846 0.24519230769230768 0.15144230769230768 0.18269230769230768
1 0.7079326923076923 0.13581730769230768 0.15144230769230768 0.18269230769230768
2 0.17668269230769232 0.09495192307692307 0.3173076923076923 0.18509615384615385