2 0.5997596153846154 0.8990384615384616 0.24278846153846154 0.1971153846153846
0 0.08173076923076923 0.4338942307692308 0.08653846153846154 0.09615384615384616
1 0.6370192307692307 0.5625 0.22115384615384615 0.25721153846153844
1 0.46274038461538464 0.6069711538461539 0.1875 0.23076923076923078
1 0.45552884615384615 0.8293269230769231 0.18990384615384615 0.23076923076923078
1 0.28365384615384615 0.2403846153846154 0.18990384615384615 0.23076923076923078
1 0.15625 0.19831730769230768 0.1875 0.23076923076923078
1 0.31009615384615385 0.07091346153846154 0.1778846153846154 0.13942307692307693
1 0.4050480769230769 0.042067307692307696 0.16346153846153846 0.08173076923076923
1 0.07211538461538461 0.042067307692307696 0.14423076923076922 0.08173076923076923
1 0.9014423076923077 0.7079326923076923 0.1466346153846154 0.20192307692307693
1 0.8317307692307693 0.6658653846153846 0.1466346153846154 0.20192307692307693
1 0.8052884615384616 0.5252403846153846 0.1466346153846154 0.20192307692307693
1 0.8653846153846154 0.4879807692307692 0.1466346153846154 0.20192307692307693
1 0.8978365384615384 0.44350961538461536 0.1466346153846154 0.20192307692307693
1 0.9230769230769231 0.36778846153846156 0.15144230769230768 0.22115384615384615
1 0.8810096153846154 0.06370192307692307 0.23317307692307693 0.12259615384615384
1 0.22596153846153846 0.8509615384615384 0.1778846153846154 0.21634615384615385
1 0.052884615384615384 0.7043269230769231 0.10096153846153846 0.2403846153846154
1 0.07692307692307693 0.8990384615384616 0.14903846153846154 0.1971153846153846
1 0.41225961538461536 0.26802884615384615 0.18990384615384615 0.22115384615384615
1 0.5877403846153846 0.2548076923076923 0.12980769230769232 0.19230769230769232
1 0.5805288461538461 0.13701923076923078 0.12980769230769232 0.19230769230769232
1 0.4987980769230769 0.07572115384615384 0.18269230769230768 0.1466346153846154