1 0.23798076923076922 0.7872596153846154 0.20432692307692307 0.19471153846153846
1 0.15504807692307693 0.9399038461538461 0.31009615384615385 0.11538461538461539
1 0.9086538461538461 0.9266826923076923 0.18269230769230768 0.14182692307692307
1 0.6057692307692307 0.4963942307692308 0.2403846153846154 0.21634615384615385
1 0.5661057692307693 0.9074519230769231 0.24759615384615385 0.18028846153846154
1 0.7560096153846154 0.1466346153846154 0.2403846153846154 0.21634615384615385
1 0.5637019230769231 0.2644230769230769 0.2283653846153846 0.16346153846153846
1 0.9086538461538461 0.22355769230769232 0.1778846153846154 0.1658653846153846
1 0.3245192307692308 0.5889423076923077 0.22355769230769232 0.18990384615384615
1 0.75 0.7620192307692307 0.22355769230769232 0.18990384615384615
2 0.8629807692307693 0.515625 0.2644230769230769 0.20192307692307693