1 0.5456730769230769 0.14302884615384615 0.25961538461538464 0.17548076923076922
1 0.2608173076923077 0.13341346153846154 0.21153846153846154 0.1778846153846154
1 0.19591346153846154 0.2403846153846154 0.20192307692307693 0.14903846153846154
1 0.38822115384615385 0.6682692307692307 0.20192307692307693 0.14903846153846154
1 0.7055288461538461 0.34975961538461536 0.1875 0.18269230769230768
1 0.9110576923076923 0.15384615384615385 0.17307692307692307 0.18509615384615385
1 0.23317307692307693 0.9110576923076923 0.20432692307692307 0.17548076923076922
1 0.5504807692307693 0.4831730769230769 0.24519230769230768 0.20673076923076922
1 0.8317307692307693 0.5625 0.22355769230769232 0.1658653846153846
1 0.44350961538461536 0.9038461538461539 0.22115384615384615 0.18509615384615385
2 0.13942307692307693 0.4387019230769231 0.27403846153846156 0.3389423076923077