1 0.4362980769230769 0.7824519230769231 0.18269230769230768 0.23557692307692307
1 0.23798076923076922 0.734375 0.21153846153846154 0.24519230769230768
1 0.2620192307692308 0.9242788461538461 0.22115384615384615 0.1466346153846154
1 0.46274038461538464 0.4699519230769231 0.21634615384615385 0.24278846153846154
1 0.7127403846153846 0.21634615384615385 0.21634615384615385 0.24278846153846154
1 0.5288461538461539 0.18269230769230768 0.16346153846153846 0.22115384615384615
1 0.39903846153846156 0.25961538461538464 0.16826923076923078 0.20432692307692307
1 0.07572115384615384 0.0985576923076923 0.1466346153846154 0.1971153846153846
1 0.07451923076923077 0.34134615384615385 0.14423076923076922 0.23317307692307693
1 0.20432692307692307 0.49158653846153844 0.18509615384615385 0.2620192307692308
1 0.6802884615384616 0.9086538461538461 0.1875 0.1778846153846154
1 0.8052884615384616 0.7716346153846154 0.1875 0.24519230769230768
1 0.8149038461538461 0.5348557692307693 0.1875 0.24519230769230768
2 0.6358173076923077 0.6442307692307693 0.1971153846153846 0.27884615384615385