1 0.2536057692307692 0.15625 0.22596153846153846 0.17548076923076922
1 0.45913461538461536 0.04807692307692308 0.25961538461538464 0.09615384615384616
1 0.6646634615384616 0.3317307692307692 0.22596153846153846 0.17548076923076922
1 0.7247596153846154 0.25 0.24519230769230768 0.1778846153846154
1 0.9146634615384616 0.30288461538461536 0.16826923076923078 0.15384615384615385
1 0.9146634615384616 0.45072115384615385 0.16826923076923078 0.15384615384615385
1 0.47716346153846156 0.8858173076923077 0.20673076923076922 0.16826923076923078
1 0.6947115384615384 0.8377403846153846 0.20673076923076922 0.16826923076923078
1 0.6153846153846154 0.671875 0.20673076923076922 0.16826923076923078
1 0.40865384615384615 0.4651442307692308 0.22115384615384615 0.1971153846153846
1 0.4579326923076923 0.359375 0.22115384615384615 0.18509615384615385
1 0.19831730769230768 0.3173076923076923 0.2764423076923077 0.15865384615384615
1 0.17548076923076922 0.5348557692307693 0.2548076923076923 0.11538461538461539
1 0.8449519230769231 0.6009615384615384 0.30528846153846156 0.22115384615384615
2 0.27524038461538464 0.7079326923076923 0.4326923076923077 0.3605769230769231