1 0.125 0.20072115384615385 0.20673076923076922 0.18269230769230768
1 0.6370192307692307 0.12980769230769232 0.1971153846153846 0.16346153846153846
1 0.84375 0.6177884615384616 0.1971153846153846 0.16346153846153846
1 0.8581730769230769 0.21634615384615385 0.1971153846153846 0.16346153846153846
1 0.45913461538461536 0.375 0.23557692307692307 0.16346153846153846
1 0.5985576923076923 0.703125 0.23557692307692307 0.16346153846153846
1 0.6899038461538461 0.9194711538461539 0.23798076923076922 0.15865384615384615
1 0.39302884615384615 0.9387019230769231 0.23557692307692307 0.1201923076923077
1 0.3870192307692308 0.15504807692307693 0.22596153846153846 0.13942307692307693
1 0.4891826923076923 0.4891826923076923 0.23557692307692307 0.16346153846153846
1 0.6754807692307693 0.4699519230769231 0.23557692307692307 0.16346153846153846
1 0.8569711538461539 0.4230769230769231 0.21153846153846154 0.1658653846153846
2 0.2704326923076923 0.6177884615384616 0.44711538461538464 0.3605769230769231
0 0.8954326923076923 0.7824519230769231 0.0625 0.07451923076923077