1 0.6983173076923077 0.5949519230769231 0.1875 0.15865384615384615
1 0.7403846153846154 0.4254807692307692 0.18990384615384615 0.17307692307692307
1 0.8137019230769231 0.1814903846153846 0.21875 0.17307692307692307
1 0.46274038461538464 0.08653846153846154 0.22115384615384615 0.17067307692307693
1 0.45552884615384615 0.5841346153846154 0.21875 0.17307692307692307
1 0.24278846153846154 0.5901442307692307 0.21875 0.17307692307692307
1 0.19591346153846154 0.4483173076923077 0.25 0.19230769230769232
1 0.3942307692307692 0.3449519230769231 0.21153846153846154 0.16346153846153846
1 0.3425480769230769 0.24639423076923078 0.24519230769230768 0.1778846153846154
1 0.5745192307692307 0.25961538461538464 0.1778846153846154 0.1778846153846154
1 0.10576923076923077 0.19591346153846154 0.20673076923076922 0.1875
1 0.28846153846153844 0.7127403846153846 0.21875 0.13942307692307693
1 0.3233173076923077 0.9206730769230769 0.21634615384615385 0.15625
1 0.5192307692307693 0.90625 0.20432692307692307 0.15625
1 0.6370192307692307 0.2848557692307692 0.23557692307692307 0.12980769230769232
2 0.8016826923076923 0.8064903846153846 0.3918269230769231 0.3557692307692308