1 0.1466346153846154 0.33653846153846156 0.18028846153846154 0.23557692307692307
1 0.1502403846153846 0.5697115384615384 0.18028846153846154 0.23557692307692307
1 0.9146634615384616 0.7956730769230769 0.1658653846153846 0.24519230769230768
1 0.21995192307692307 0.7704326923076923 0.15865384615384615 0.1971153846153846
1 0.5625 0.2127403846153846 0.16105769230769232 0.1971153846153846
1 0.9387019230769231 0.06971153846153846 0.11778846153846154 0.1346153846153846
1 0.41466346153846156 0.6502403846153846 0.15865384615384615 0.16346153846153846
1 0.6995192307692307 0.6310096153846154 0.15865384615384615 0.16346153846153846
1 0.5757211538461539 0.3870192307692308 0.15865384615384615 0.16346153846153846
1 0.3858173076923077 0.08173076923076923 0.1658653846153846 0.15865384615384615
1 0.6310096153846154 0.828125 0.16346153846153846 0.18509615384615385
1 0.8028846153846154 0.30408653846153844 0.16346153846153846 0.18509615384615385
1 0.2920673076923077 0.3317307692307692 0.16826923076923078 0.22355769230769232
1 0.3425480769230769 0.8713942307692307 0.18509615384615385 0.21875
1 0.5877403846153846 0.6622596153846154 0.11778846153846154 0.15144230769230768
2 0.9038461538461539 0.5396634615384616 0.1875 0.25240384615384615
0 0.1466346153846154 0.6502403846153846 0.040865384615384616 0.057692307692307696