1 0.2956730769230769 0.6754807692307693 0.1875 0.23076923076923078
1 0.054086538461538464 0.41947115384615385 0.10576923076923077 0.21634615384615385
1 0.0889423076923077 0.18269230769230768 0.17307692307692307 0.22115384615384615
1 0.765625 0.5456730769230769 0.14423076923076922 0.22596153846153846
1 0.5637019230769231 0.8161057692307693 0.14423076923076922 0.19230769230769232
1 0.8305288461538461 0.6358173076923077 0.14423076923076922 0.20673076923076922
1 0.9278846153846154 0.05048076923076923 0.13942307692307693 0.10096153846153846
1 0.8930288461538461 0.3701923076923077 0.13942307692307693 0.1875
1 0.30288461538461536 0.38221153846153844 0.14903846153846154 0.20673076923076922
1 0.47716346153846156 0.12259615384615384 0.21153846153846154 0.24519230769230768
1 0.8305288461538461 0.15625 0.15384615384615385 0.25
1 0.22596153846153846 0.1935096153846154 0.16826923076923078 0.23076923076923078
1 0.421875 0.8545673076923077 0.14903846153846154 0.20673076923076922
2 0.5612980769230769 0.43149038461538464 0.3076923076923077 0.40865384615384615
0 0.9302884615384616 0.90625 0.07211538461538461 0.07932692307692307