1 0.9134615384615384 0.7608173076923077 0.15865384615384615 0.20192307692307693
1 0.9471153846153846 0.53125 0.10096153846153846 0.28846153846153844
1 0.4182692307692308 0.3629807692307692 0.20192307692307693 0.24519230769230768
1 0.296875 0.6274038461538461 0.16346153846153846 0.23317307692307693
1 0.6526442307692307 0.7319711538461539 0.16105769230769232 0.25240384615384615
1 0.08653846153846154 0.49278846153846156 0.17067307692307693 0.2403846153846154
1 0.41947115384615385 0.08173076923076923 0.17067307692307693 0.16346153846153846
1 0.7836538461538461 0.26322115384615385 0.21394230769230768 0.21153846153846154
1 0.8269230769230769 0.4375 0.20192307692307693 0.27884615384615385
1 0.4639423076923077 0.7548076923076923 0.20192307692307693 0.21634615384615385
1 0.6358173076923077 0.07211538461538461 0.20192307692307693 0.14423076923076922
0 0.6490384615384616 0.9254807692307693 0.0625 0.09615384615384616
0 0.5432692307692307 0.15384615384615385 0.0625 0.0889423076923077
2 0.23918269230769232 0.16105769230769232 0.2548076923076923 0.32211538461538464