1 0.7139423076923077 0.109375 0.1971153846153846 0.15384615384615385
1 0.8353365384615384 0.5516826923076923 0.22115384615384615 0.19471153846153846
1 0.5300480769230769 0.9050480769230769 0.2692307692307692 0.1875
1 0.1875 0.8461538461538461 0.2644230769230769 0.19230769230769232
1 0.08173076923076923 0.7115384615384616 0.16346153846153846 0.17067307692307693
1 0.6237980769230769 0.5889423076923077 0.1971153846153846 0.16105769230769232
1 0.6850961538461539 0.7524038461538461 0.21634615384615385 0.21394230769230768
1 0.8269230769230769 0.9326923076923077 0.21634615384615385 0.13221153846153846
1 0.9098557692307693 0.07692307692307693 0.17548076923076922 0.14903846153846154
1 0.15504807692307693 0.18509615384615385 0.23557692307692307 0.16105769230769232
1 0.5192307692307693 0.32091346153846156 0.24519230769230768 0.20432692307692307
1 0.7704326923076923 0.27403846153846156 0.1971153846153846 0.18269230769230768