1 0.65625 0.48677884615384615 0.15865384615384615 0.21153846153846154
1 0.3545673076923077 0.44350961538461536 0.15865384615384615 0.21153846153846154
1 0.26322115384615385 0.40865384615384615 0.15865384615384615 0.21153846153846154
1 0.33653846153846156 0.16466346153846154 0.1778846153846154 0.24278846153846154
1 0.5384615384615384 0.31850961538461536 0.1778846153846154 0.24278846153846154
1 0.6742788461538461 0.11177884615384616 0.16826923076923078 0.21153846153846154
1 0.8389423076923077 0.0673076923076923 0.19230769230769232 0.12980769230769232
1 0.7139423076923077 0.8377403846153846 0.20432692307692307 0.2860576923076923
1 0.9266826923076923 0.2920673076923077 0.14182692307692307 0.21875
1 0.10576923076923077 0.5456730769230769 0.15865384615384615 0.21153846153846154
1 0.4206730769230769 0.07932692307692307 0.14423076923076922 0.15384615384615385
1 0.8473557692307693 0.421875 0.16826923076923078 0.1875
1 0.9110576923076923 0.6370192307692307 0.17307692307692307 0.20673076923076922
1 0.8762019230769231 0.9254807692307693 0.18028846153846154 0.14423076923076922
2 0.5168269230769231 0.7103365384615384 0.27163461538461536 0.2860576923076923