1 0.3317307692307692 0.14423076923076922 0.1778846153846154 0.21634615384615385
1 0.15384615384615385 0.15865384615384615 0.1778846153846154 0.21634615384615385
1 0.31971153846153844 0.4338942307692308 0.1778846153846154 0.21634615384615385
1 0.5961538461538461 0.8725961538461539 0.19230769230769232 0.23798076923076922
1 0.7175480769230769 0.6514423076923077 0.20192307692307693 0.2764423076923077
1 0.7415865384615384 0.2439903846153846 0.16105769230769232 0.22596153846153846
1 0.20793269230769232 0.8846153846153846 0.20192307692307693 0.22596153846153846
1 0.3112980769230769 0.9663461538461539 0.17307692307692307 0.0625
1 0.09615384615384616 0.5889423076923077 0.1875 0.18269230769230768
1 0.9146634615384616 0.20552884615384615 0.1658653846153846 0.29086538461538464
1 0.5913461538461539 0.09375 0.15384615384615385 0.18269230769230768
1 0.703125 0.8317307692307693 0.19951923076923078 0.20673076923076922
1 0.39302884615384615 0.8545673076923077 0.18269230769230768 0.2548076923076923
2 0.5697115384615384 0.43028846153846156 0.34615384615384615 0.47596153846153844