2 0.796875 0.5252403846153846 0.25240384615384615 0.3076923076923077
0 0.25841346153846156 0.4050480769230769 0.09375 0.07692307692307693
1 0.5432692307692307 0.7608173076923077 0.1971153846153846 0.2548076923076923
1 0.6225961538461539 0.8689903846153846 0.13701923076923078 0.21153846153846154
1 0.34975961538461536 0.6634615384615384 0.16826923076923078 0.19230769230769232
1 0.22956730769230768 0.6706730769230769 0.20673076923076922 0.20673076923076922
1 0.5637019230769231 0.5264423076923077 0.20673076923076922 0.2403846153846154
1 0.5973557692307693 0.3629807692307692 0.20673076923076922 0.2403846153846154
1 0.7127403846153846 0.23918269230769232 0.20673076923076922 0.2403846153846154
1 0.5144230769230769 0.13701923076923078 0.20673076923076922 0.2403846153846154
1 0.28725961538461536 0.15745192307692307 0.20673076923076922 0.2403846153846154
1 0.09735576923076923 0.7367788461538461 0.19230769230769232 0.1971153846153846
1 0.08774038461538461 0.8509615384615384 0.17307692307692307 0.20673076923076922
1 0.24759615384615385 0.9182692307692307 0.18269230769230768 0.15865384615384615
1 0.8209134615384616 0.8762019230769231 0.22115384615384615 0.24519230769230768
1 0.9146634615384616 0.7932692307692307 0.16826923076923078 0.2644230769230769
1 0.9495192307692307 0.6538461538461539 0.09615384615384616 0.28365384615384615
1 0.9555288461538461 0.5048076923076923 0.08413461538461539 0.28846153846153844
1 0.9591346153846154 0.3713942307692308 0.07692307692307693 0.23798076923076922
1 0.9591346153846154 0.265625 0.07692307692307693 0.23798076923076922
1 0.9338942307692307 0.16346153846153846 0.12740384615384615 0.2403846153846154
1 0.9362980769230769 0.06610576923076923 0.12259615384615384 0.12740384615384615
1 0.6201923076923077 0.9819711538461539 0.16346153846153846 0.03125
1 0.5084134615384616 0.9555288461538461 0.15625 0.08413461538461539