1 0.4579326923076923 0.9086538461538461 0.19230769230769232 0.18028846153846154
1 0.2283653846153846 0.7055288461538461 0.23076923076923078 0.17307692307692307
1 0.28125 0.8533653846153846 0.3004807692307692 0.1346153846153846
1 0.3389423076923077 0.3581730769230769 0.22355769230769232 0.18990384615384615
1 0.2091346153846154 0.5108173076923077 0.1778846153846154 0.17548076923076922
1 0.47716346153846156 0.5480769230769231 0.2932692307692308 0.14182692307692307
1 0.5396634615384616 0.421875 0.23076923076923078 0.17307692307692307
1 0.33653846153846156 0.09134615384615384 0.23076923076923078 0.18028846153846154
1 0.6670673076923077 0.0889423076923077 0.23076923076923078 0.17548076923076922
1 0.06490384615384616 0.5228365384615384 0.125 0.19230769230769232
1 0.4651442307692308 0.703125 0.18509615384615385 0.19951923076923078
1 0.7415865384615384 0.8317307692307693 0.22596153846153846 0.19951923076923078
1 0.4519230769230769 0.2860576923076923 0.1778846153846154 0.14182692307692307
1 0.9290865384615384 0.17548076923076922 0.13701923076923078 0.14423076923076922
1 0.12259615384615384 0.34975961538461536 0.2403846153846154 0.15625
0 0.8257211538461539 0.19110576923076922 0.08653846153846154 0.07932692307692307
2 0.8004807692307693 0.5240384615384616 0.3942307692307692 0.3557692307692308