0 0.5540865384615384 0.703125 0.0985576923076923 0.09134615384615384
2 0.14783653846153846 0.6490384615384616 0.17307692307692307 0.19230769230769232
1 0.6790865384615384 0.4375 0.22596153846153846 0.16826923076923078
1 0.8353365384615384 0.7175480769230769 0.22596153846153846 0.16826923076923078
1 0.8076923076923077 0.8858173076923077 0.22596153846153846 0.16826923076923078
1 0.4543269230769231 0.8016826923076923 0.22596153846153846 0.16826923076923078
1 0.11298076923076923 0.8353365384615384 0.22115384615384615 0.16826923076923078
1 0.3870192307692308 0.5336538461538461 0.22596153846153846 0.16826923076923078
0 0.24639423076923078 0.6105769230769231 0.06490384615384616 0.052884615384615384
1 0.30528846153846156 0.14543269230769232 0.22596153846153846 0.16826923076923078
1 0.3112980769230769 0.06129807692307692 0.21394230769230768 0.12259615384615384
1 0.5384615384615384 0.20793269230769232 0.22596153846153846 0.16826923076923078
1 0.37259615384615385 0.3076923076923077 0.22596153846153846 0.16826923076923078
1 0.11899038461538461 0.3088942307692308 0.22596153846153846 0.16826923076923078
1 0.12259615384615384 0.30528846153846156 0.22596153846153846 0.16826923076923078
1 0.8016826923076923 0.2536057692307692 0.22596153846153846 0.16826923076923078
1 0.7632211538461539 0.8052884615384616 0.22596153846153846 0.16826923076923078
1 0.3545673076923077 0.9471153846153846 0.21394230769230768 0.10336538461538461
1 0.0985576923076923 0.18028846153846154 0.19230769230769232 0.17307692307692307
1 0.6189903846153846 0.0829326923076923 0.22596153846153846 0.16346153846153846
1 0.8990384615384616 0.1466346153846154 0.1971153846153846 0.17307692307692307
1 0.8990384615384616 0.34375 0.1971153846153846 0.17307692307692307
0 0.6959134615384616 0.15144230769230768 0.06971153846153846 0.055288461538461536