1 0.6790865384615384 0.6358173076923077 0.2548076923076923 0.21394230769230768
1 0.7560096153846154 0.46153846153846156 0.28125 0.18269230769230768
1 0.796875 0.29927884615384615 0.18509615384615385 0.17067307692307693
1 0.8725961538461539 0.2548076923076923 0.19230769230769232 0.1875
1 0.9170673076923077 0.052884615384615384 0.16105769230769232 0.10096153846153846
1 0.3016826923076923 0.1502403846153846 0.21634615384615385 0.1346153846153846
1 0.4423076923076923 0.9182692307692307 0.2403846153846154 0.16105769230769232
1 0.9038461538461539 0.7800480769230769 0.1875 0.1778846153846154
1 0.23076923076923078 0.7716346153846154 0.23557692307692307 0.1875
1 0.2091346153846154 0.5288461538461539 0.1971153846153846 0.15384615384615385
1 0.15985576923076922 0.44471153846153844 0.21153846153846154 0.15144230769230768
2 0.5012019230769231 0.3317307692307692 0.5024038461538461 0.34134615384615385