1 0.5697115384615384 0.7211538461538461 0.18028846153846154 0.23076923076923078
1 0.43028846153846156 0.6730769230769231 0.14903846153846154 0.1875
1 0.14302884615384615 0.19591346153846154 0.1466346153846154 0.27884615384615385
1 0.9375 0.33653846153846156 0.1201923076923077 0.23076923076923078
1 0.359375 0.43028846153846156 0.18269230769230768 0.23557692307692307
1 0.49278846153846156 0.43990384615384615 0.16346153846153846 0.21875
1 0.59375 0.45072115384615385 0.16826923076923078 0.20673076923076922
1 0.3449519230769231 0.8834134615384616 0.16826923076923078 0.20673076923076922
1 0.057692307692307696 0.5 0.11538461538461539 0.23076923076923078
1 0.30528846153846156 0.6778846153846154 0.16826923076923078 0.20673076923076922
1 0.8125 0.33052884615384615 0.15865384615384615 0.23557692307692307
1 0.8677884615384616 0.6021634615384616 0.19951923076923078 0.24519230769230768
1 0.8028846153846154 0.8137019230769231 0.19951923076923078 0.24519230769230768
2 0.609375 0.17427884615384615 0.40384615384615385 0.3485576923076923