1 0.6802884615384616 0.6754807692307693 0.18028846153846154 0.1971153846153846
1 0.7704326923076923 0.45072115384615385 0.18990384615384615 0.25
1 0.6213942307692307 0.3125 0.17307692307692307 0.23076923076923078
1 0.5144230769230769 0.41225961538461536 0.1658653846153846 0.1971153846153846
1 0.6129807692307693 0.09735576923076923 0.16826923076923078 0.19230769230769232
1 0.6370192307692307 0.8990384615384616 0.1778846153846154 0.1971153846153846
1 0.4206730769230769 0.9290865384615384 0.1778846153846154 0.13942307692307693
1 0.7872596153846154 0.11177884615384616 0.18028846153846154 0.22355769230769232
1 0.9266826923076923 0.8197115384615384 0.14423076923076922 0.23076923076923078
1 0.3317307692307692 0.24278846153846154 0.14903846153846154 0.23076923076923078
1 0.14182692307692307 0.2644230769230769 0.14903846153846154 0.23076923076923078
1 0.0733173076923077 0.37740384615384615 0.1466346153846154 0.23076923076923078
2 0.20673076923076922 0.6634615384615384 0.3629807692307692 0.3918269230769231