1 0.7463942307692307 0.18389423076923078 0.25 0.15384615384615385
1 0.7427884615384616 0.46274038461538464 0.25 0.15384615384615385
1 0.8882211538461539 0.5829326923076923 0.21875 0.21394230769230768
1 0.8930288461538461 0.7487980769230769 0.1971153846153846 0.16346153846153846
1 0.7127403846153846 0.8197115384615384 0.1971153846153846 0.16346153846153846
1 0.6959134615384616 0.671875 0.1971153846153846 0.16346153846153846
1 0.5060096153846154 0.7608173076923077 0.22596153846153846 0.16826923076923078
1 0.16105769230769232 0.6742788461538461 0.22596153846153846 0.16826923076923078
1 0.49399038461538464 0.5985576923076923 0.22596153846153846 0.16826923076923078
1 0.10817307692307693 0.2620192307692308 0.2091346153846154 0.2620192307692308
2 0.42908653846153844 0.3161057692307692 0.46634615384615385 0.3125