1 0.9086538461538461 0.234375 0.15384615384615385 0.1971153846153846
1 0.9447115384615384 0.45913461538461536 0.10576923076923077 0.28365384615384615
1 0.4230769230769231 0.6237980769230769 0.1971153846153846 0.23798076923076922
1 0.30408653846153844 0.36538461538461536 0.16105769230769232 0.2283653846153846
1 0.6538461538461539 0.26322115384615385 0.15865384615384615 0.24519230769230768
1 0.09134615384615384 0.4963942307692308 0.18028846153846154 0.23557692307692307
1 0.42427884615384615 0.9098557692307693 0.1658653846153846 0.1778846153846154
1 0.78125 0.7211538461538461 0.21153846153846154 0.20673076923076922
1 0.8245192307692307 0.5504807692307693 0.19951923076923078 0.27403846153846156
1 0.46875 0.23918269230769232 0.19951923076923078 0.21153846153846154
1 0.6382211538461539 0.9194711538461539 0.1971153846153846 0.15865384615384615
0 0.6490384615384616 0.0733173076923077 0.0625 0.09615384615384616
0 0.5456730769230769 0.828125 0.06009615384615385 0.08653846153846154
2 0.24759615384615385 0.8269230769230769 0.25 0.32211538461538464