1 0.8557692307692307 0.24519230769230768 0.2283653846153846 0.1778846153846154
1 0.5625 0.37740384615384615 0.2644230769230769 0.17307692307692307
1 0.2956730769230769 0.484375 0.22355769230769232 0.17067307692307693
1 0.23798076923076922 0.6887019230769231 0.21153846153846154 0.18509615384615385
1 0.10336538461538461 0.8461538461538461 0.20673076923076922 0.20192307692307693
1 0.8329326923076923 0.9170673076923077 0.23557692307692307 0.16346153846153846
1 0.6418269230769231 0.11658653846153846 0.28846153846153844 0.22115384615384615
1 0.4831730769230769 0.06129807692307692 0.2692307692307692 0.12259615384615384
1 0.828125 0.6947115384615384 0.25 0.19471153846153846
1 0.12259615384615384 0.5240384615384616 0.24519230769230768 0.19471153846153846
1 0.7896634615384616 0.039663461538461536 0.25 0.07932692307692307
2 0.5480769230769231 0.7920673076923077 0.40384615384615385 0.34134615384615385
0 0.8389423076923077 0.109375 0.09134615384615384 0.07932692307692307