1 0.4723557692307692 0.36538461538461536 0.2932692307692308 0.2091346153846154
1 0.16105769230769232 0.7439903846153846 0.25 0.15625
1 0.1201923076923077 0.9182692307692307 0.23557692307692307 0.15625
1 0.8149038461538461 0.6298076923076923 0.20432692307692307 0.15144230769230768
1 0.6069711538461539 0.6262019230769231 0.25721153846153844 0.16826923076923078
1 0.375 0.5685096153846154 0.25721153846153844 0.16826923076923078
1 0.5528846153846154 0.9194711538461539 0.25 0.15865384615384615
1 0.7307692307692307 0.8269230769230769 0.24519230769230768 0.22115384615384615
1 0.46274038461538464 0.10576923076923077 0.2764423076923077 0.20673076923076922
1 0.7091346153846154 0.24759615384615385 0.2548076923076923 0.1875
2 0.1814903846153846 0.3581730769230769 0.3605769230769231 0.3389423076923077
0 0.6802884615384616 0.9603365384615384 0.06971153846153846 0.06009615384615385