2 0.6334134615384616 0.7151442307692307 0.35096153846153844 0.4014423076923077
1 0.41586538461538464 0.6923076923076923 0.17307692307692307 0.22115384615384615
1 0.3269230769230769 0.5925480769230769 0.14903846153846154 0.18990384615384615
1 0.11177884615384616 0.45072115384615385 0.1778846153846154 0.1971153846153846
1 0.23076923076923078 0.33774038461538464 0.22115384615384615 0.2620192307692308
1 0.10216346153846154 0.8413461538461539 0.16346153846153846 0.2644230769230769
1 0.25721153846153844 0.9050480769230769 0.16826923076923078 0.18509615384615385
1 0.9399038461538461 0.6069711538461539 0.11538461538461539 0.25240384615384615
1 0.8473557692307693 0.4423076923076923 0.1778846153846154 0.24759615384615385
1 0.4182692307692308 0.28966346153846156 0.1778846153846154 0.20192307692307693
1 0.328125 0.13942307692307693 0.19230769230769232 0.21634615384615385
1 0.9350961538461539 0.16105769230769232 0.125 0.19230769230769232
1 0.8245192307692307 0.07572115384615384 0.21634615384615385 0.1466346153846154
1 0.11778846153846154 0.08774038461538461 0.13221153846153846 0.17067307692307693
1 0.8461538461538461 0.703125 0.15384615384615385 0.3125
1 0.5721153846153846 0.3329326923076923 0.19471153846153846 0.24759615384615385
0 0.44471153846153844 0.390625 0.057692307692307696 0.0673076923076923