1 0.6201923076923077 0.7007211538461539 0.21153846153846154 0.16826923076923078
1 0.7463942307692307 0.7007211538461539 0.21153846153846154 0.16826923076923078
1 0.4963942307692308 0.9170673076923077 0.21153846153846154 0.16346153846153846
1 0.0889423076923077 0.5949519230769231 0.17307692307692307 0.17548076923076922
1 0.18509615384615385 0.16105769230769232 0.2403846153846154 0.1658653846153846
1 0.09495192307692307 0.7848557692307693 0.1875 0.16826923076923078
1 0.41225961538461536 0.7680288461538461 0.23076923076923078 0.16826923076923078
1 0.44591346153846156 0.46274038461538464 0.21153846153846154 0.16826923076923078
1 0.3425480769230769 0.051682692307692304 0.21634615384615385 0.10336538461538461
1 0.8786057692307693 0.5396634615384616 0.21634615384615385 0.16346153846153846
1 0.29086538461538464 0.5829326923076923 0.21634615384615385 0.16346153846153846
2 0.8004807692307693 0.2548076923076923 0.2956730769230769 0.2644230769230769
0 0.24278846153846154 0.28125 0.07692307692307693 0.057692307692307696
0 0.8858173076923077 0.9675480769230769 0.09134615384615384 0.0625