1 0.828125 0.7728365384615384 0.15865384615384615 0.2860576923076923
1 0.328125 0.9110576923076923 0.18990384615384615 0.17307692307692307
1 0.5564903846153846 0.8882211538461539 0.1875 0.22115384615384615
1 0.14423076923076922 0.6225961538461539 0.18990384615384615 0.22115384615384615
1 0.6394230769230769 0.28365384615384615 0.18990384615384615 0.22115384615384615
1 0.7680288461538461 0.09375 0.1875 0.18269230769230768
1 0.43149038461538464 0.13942307692307693 0.17307692307692307 0.2403846153846154
1 0.8497596153846154 0.33413461538461536 0.16826923076923078 0.18509615384615385
1 0.6634615384615384 0.7271634615384616 0.17307692307692307 0.2283653846153846
1 0.7295673076923077 0.515625 0.22596153846153846 0.2644230769230769
1 0.18389423076923078 0.0829326923076923 0.17548076923076922 0.16105769230769232
1 0.06370192307692307 0.4639423076923077 0.125 0.22596153846153846
2 0.43990384615384615 0.4807692307692308 0.33653846153846156 0.4423076923076923
0 0.8701923076923077 0.9326923076923077 0.06009615384615385 0.08173076923076923