2 0.3269230769230769 0.53125 0.31971153846153844 0.46634615384615385
1 0.6586538461538461 0.5 0.14423076923076922 0.17067307692307693
1 0.7439903846153846 0.5745192307692307 0.14423076923076922 0.17067307692307693
1 0.8137019230769231 0.6971153846153846 0.14423076923076922 0.17067307692307693
1 0.8185096153846154 0.6069711538461539 0.14423076923076922 0.21634615384615385
1 0.875 0.5841346153846154 0.11538461538461539 0.16826923076923078
1 0.8569711538461539 0.4050480769230769 0.17548076923076922 0.21394230769230768
1 0.09615384615384616 0.2536057692307692 0.16826923076923078 0.24759615384615385
1 0.4266826923076923 0.8882211538461539 0.15625 0.21875
1 0.625 0.8064903846153846 0.15384615384615385 0.2283653846153846
1 0.6045673076923077 0.7475961538461539 0.19230769230769232 0.23076923076923078
1 0.4879807692307692 0.7524038461538461 0.15384615384615385 0.20192307692307693
1 0.7283653846153846 0.27524038461538464 0.15384615384615385 0.22596153846153846
1 0.3918269230769231 0.17427884615384615 0.15384615384615385 0.22596153846153846
1 0.23197115384615385 0.10576923076923077 0.20673076923076922 0.2091346153846154
1 0.24879807692307693 0.8834134615384616 0.18028846153846154 0.23076923076923078
0 0.15865384615384615 0.6442307692307693 0.06009615384615385 0.09375
1 0.49399038461538464 0.055288461538461536 0.15384615384615385 0.10576923076923077
1 0.0733173076923077 0.7427884615384616 0.14182692307692307 0.23076923076923078