1 0.36658653846153844 0.4831730769230769 0.20432692307692307 0.28846153846153844
1 0.7367788461538461 0.1778846153846154 0.15144230769230768 0.24519230769230768
1 0.9074519230769231 0.13221153846153846 0.15144230769230768 0.24519230769230768
1 0.6262019230769231 0.8185096153846154 0.14903846153846154 0.19951923076923078
1 0.6213942307692307 0.6153846153846154 0.1658653846153846 0.25240384615384615
1 0.5661057692307693 0.38822115384615385 0.1658653846153846 0.25240384615384615
1 0.9146634615384616 0.5637019230769231 0.16826923076923078 0.24519230769230768
1 0.8185096153846154 0.7367788461538461 0.21634615384615385 0.2403846153846154
1 0.109375 0.47475961538461536 0.20673076923076922 0.2668269230769231
1 0.2512019230769231 0.7151442307692307 0.18509615384615385 0.24759615384615385
2 0.359375 0.18870192307692307 0.3317307692307692 0.37259615384615385
0 0.9495192307692307 0.6862980769230769 0.057692307692307696 0.0673076923076923