2 0.2776442307692308 0.6310096153846154 0.3894230769230769 0.34134615384615385
1 0.3004807692307692 0.41947115384615385 0.21394230769230768 0.16826923076923078
1 0.39663461538461536 0.3329326923076923 0.18509615384615385 0.14423076923076922
1 0.5360576923076923 0.12259615384615384 0.19230769230769232 0.17307692307692307
1 0.6454326923076923 0.23918269230769232 0.2548076923076923 0.21394230769230768
1 0.15384615384615385 0.1141826923076923 0.25961538461538464 0.15865384615384615
1 0.09134615384615384 0.2644230769230769 0.18269230769230768 0.16346153846153846
1 0.38341346153846156 0.9375 0.24278846153846154 0.1201923076923077
1 0.5432692307692307 0.8401442307692307 0.2403846153846154 0.17307692307692307
1 0.6923076923076923 0.421875 0.1971153846153846 0.17307692307692307
1 0.8389423076923077 0.33413461538461536 0.21153846153846154 0.1875
1 0.8185096153846154 0.9314903846153846 0.18509615384615385 0.13221153846153846
1 0.9134615384615384 0.8185096153846154 0.16826923076923078 0.21153846153846154
1 0.9026442307692307 0.12860576923076922 0.19230769230769232 0.12980769230769232
1 0.28846153846153844 0.8389423076923077 0.30288461538461536 0.14903846153846154
1 0.6502403846153846 0.5721153846153846 0.2403846153846154 0.1875
0 0.59375 0.44711538461538464 0.06490384615384616 0.055288461538461536