2 0.5673076923076923 0.7019230769230769 0.375 0.30528846153846156
2 0.8677884615384616 0.6033653846153846 0.25961538461538464 0.23557692307692307
0 0.7475961538461539 0.8545673076923077 0.09134615384615384 0.06009615384615385
0 0.22235576923076922 0.10817307692307693 0.09134615384615384 0.06009615384615385
1 0.41947115384615385 0.3004807692307692 0.2956730769230769 0.2091346153846154
1 0.75 0.234375 0.24519230769230768 0.17067307692307693
1 0.8317307692307693 0.0829326923076923 0.25 0.1658653846153846
1 0.9266826923076923 0.18269230769230768 0.14182692307692307 0.1778846153846154
1 0.10336538461538461 0.8810096153846154 0.20192307692307693 0.13701923076923078
1 0.15144230769230768 0.828125 0.23557692307692307 0.1346153846153846
1 0.18629807692307693 0.7776442307692307 0.23557692307692307 0.1346153846153846
1 0.2283653846153846 0.7091346153846154 0.23557692307692307 0.1346153846153846
1 0.2920673076923077 0.6286057692307693 0.23557692307692307 0.1346153846153846
1 0.7115384615384616 0.9362980769230769 0.23557692307692307 0.125
1 0.859375 0.9483173076923077 0.23798076923076922 0.10096153846153846
1 0.15745192307692307 0.21394230769230768 0.22115384615384615 0.11538461538461539
1 0.15384615384615385 0.28725961538461536 0.22115384615384615 0.12980769230769232
1 0.14182692307692307 0.5096153846153846 0.22115384615384615 0.14903846153846154
1 0.7199519230769231 0.41225961538461536 0.25 0.1778846153846154