1 0.8329326923076923 0.16947115384615385 0.19230769230769232 0.1778846153846154
1 0.7908653846153846 0.3161057692307692 0.21153846153846154 0.1778846153846154
1 0.43509615384615385 0.4375 0.21153846153846154 0.1778846153846154
1 0.41225961538461536 0.16466346153846154 0.1875 0.15865384615384615
1 0.5685096153846154 0.06610576923076923 0.25240384615384615 0.12980769230769232
1 0.5396634615384616 0.26802884615384615 0.24519230769230768 0.18269230769230768
1 0.1658653846153846 0.84375 0.21153846153846154 0.1778846153846154
1 0.9026442307692307 0.7824519230769231 0.18990384615384615 0.17548076923076922
1 0.15384615384615385 0.5084134615384616 0.22596153846153846 0.19471153846153846
1 0.15625 0.23677884615384615 0.27163461538461536 0.1971153846153846
2 0.6466346153846154 0.7019230769230769 0.46634615384615385 0.36538461538461536
0 0.6923076923076923 0.43990384615384615 0.0673076923076923 0.055288461538461536