2 0.2704326923076923 0.8353365384615384 0.35336538461538464 0.3269230769230769
1 0.6225961538461539 0.8713942307692307 0.16105769230769232 0.20192307692307693
1 0.14423076923076922 0.5084134615384616 0.14903846153846154 0.25961538461538464
1 0.7788461538461539 0.9266826923076923 0.14182692307692307 0.14182692307692307
1 0.7980769230769231 0.3641826923076923 0.13942307692307693 0.17307692307692307
1 0.7860576923076923 0.7151442307692307 0.13942307692307693 0.17307692307692307
1 0.7295673076923077 0.7115384615384616 0.1466346153846154 0.21634615384615385
1 0.5060096153846154 0.8485576923076923 0.1466346153846154 0.23557692307692307
1 0.9302884615384616 0.23317307692307693 0.1346153846153846 0.21153846153846154
1 0.8389423076923077 0.29447115384615385 0.1466346153846154 0.2091346153846154
1 0.640625 0.45072115384615385 0.10096153846153846 0.1778846153846154
1 0.5673076923076923 0.47596153846153844 0.10576923076923077 0.20192307692307693
1 0.546875 0.23798076923076922 0.1875 0.23557692307692307
1 0.5516826923076923 0.07091346153846154 0.17067307692307693 0.14182692307692307
1 0.625 0.17067307692307693 0.1658653846153846 0.2403846153846154
1 0.28725961538461536 0.10096153846153846 0.17548076923076922 0.20192307692307693
1 0.07211538461538461 0.2127403846153846 0.14423076923076922 0.27403846153846156
1 0.3245192307692308 0.45072115384615385 0.14903846153846154 0.22355769230769232
1 0.8149038461538461 0.5625 0.16346153846153846 0.23557692307692307