1 0.8100961538461539 0.7776442307692307 0.20673076923076922 0.15865384615384615
1 0.4495192307692308 0.8197115384615384 0.20673076923076922 0.15865384615384615
1 0.8942307692307693 0.07451923076923077 0.20673076923076922 0.14903846153846154
1 0.6189903846153846 0.07692307692307693 0.20673076923076922 0.15384615384615385
1 0.328125 0.16826923076923078 0.20673076923076922 0.15865384615384615
1 0.20552884615384615 0.6213942307692307 0.21153846153846154 0.18269230769230768
1 0.41225961538461536 0.9134615384615384 0.27403846153846156 0.17067307692307693
1 0.3641826923076923 0.4795673076923077 0.1778846153846154 0.1658653846153846
1 0.6346153846153846 0.6045673076923077 0.19230769230769232 0.16105769230769232
1 0.08774038461538461 0.6322115384615384 0.17067307692307693 0.16346153846153846
0 0.046875 0.32211538461538464 0.0889423076923077 0.07211538461538461
0 0.14543269230769232 0.8894230769230769 0.0673076923076923 0.057692307692307696
0 0.4699519230769231 0.14182692307692307 0.08173076923076923 0.0625
0 0.8569711538461539 0.18028846153846154 0.07692307692307693 0.07211538461538461
0 0.9711538461538461 0.43149038461538464 0.052884615384615384 0.0625
2 0.6694711538461539 0.3233173076923077 0.47115384615384615 0.3798076923076923