2 0.6959134615384616 0.7007211538461539 0.2932692307692308 0.3918269230769231
1 0.5889423076923077 0.32091346153846156 0.18269230769230768 0.22115384615384615
1 0.65625 0.3737980769230769 0.18269230769230768 0.22115384615384615
1 0.2824519230769231 0.46153846153846156 0.15384615384615385 0.22115384615384615
1 0.1346153846153846 0.32091346153846156 0.18269230769230768 0.22115384615384615
1 0.06610576923076923 0.7860576923076923 0.12980769230769232 0.24519230769230768
1 0.5168269230769231 0.8894230769230769 0.15625 0.21634615384615385
1 0.9338942307692307 0.6598557692307693 0.12740384615384615 0.2091346153846154
1 0.9254807692307693 0.39302884615384615 0.14423076923076922 0.2283653846153846
1 0.8377403846153846 0.28125 0.16346153846153846 0.22596153846153846
1 0.42427884615384615 0.14903846153846154 0.20673076923076922 0.24519230769230768
1 0.2932692307692308 0.22716346153846154 0.15865384615384615 0.23317307692307693
1 0.06850961538461539 0.6225961538461539 0.1346153846153846 0.23557692307692307
1 0.3317307692307692 0.4543269230769231 0.10096153846153846 0.22115384615384615
1 0.2536057692307692 0.078125 0.15865384615384615 0.15625
1 0.15745192307692307 0.078125 0.15865384615384615 0.15625
0 0.7235576923076923 0.21514423076923078 0.057692307692307696 0.07692307692307693
1 0.18028846153846154 0.6634615384615384 0.15384615384615385 0.22115384615384615
1 0.7584134615384616 0.08413461538461539 0.16826923076923078 0.16826923076923078
1 0.7920673076923077 0.9098557692307693 0.22115384615384615 0.17548076923076922