2 0.47475961538461536 0.6850961538461539 0.27403846153846156 0.25961538461538464
1 0.7956730769230769 0.8293269230769231 0.27884615384615385 0.13942307692307693
1 0.3173076923076923 0.546875 0.20673076923076922 0.15144230769230768
1 0.24158653846153846 0.3545673076923077 0.20673076923076922 0.15144230769230768
1 0.4855769230769231 0.0625 0.27403846153846156 0.12259615384615384
1 0.7139423076923077 0.0625 0.27403846153846156 0.12259615384615384
1 0.9026442307692307 0.04927884615384615 0.19230769230769232 0.09615384615384616
1 0.9194711538461539 0.6682692307692307 0.15625 0.18269230769230768
1 0.9278846153846154 0.48197115384615385 0.13942307692307693 0.24278846153846154
1 0.6141826923076923 0.4266826923076923 0.18269230769230768 0.17548076923076922
1 0.10817307692307693 0.7163461538461539 0.21153846153846154 0.2692307692307692
0 0.6009615384615384 0.3161057692307692 0.07692307692307693 0.08173076923076923
0 0.375 0.9747596153846154 0.09134615384615384 0.04567307692307692
1 0.4098557692307692 0.20072115384615385 0.2764423076923077 0.1778846153846154
1 0.17668269230769232 0.2644230769230769 0.20673076923076922 0.15144230769230768
1 0.09975961538461539 0.17548076923076922 0.1971153846153846 0.16346153846153846