1 0.5853365384615384 0.32572115384615385 0.15384615384615385 0.19471153846153846
1 0.40625 0.8100961538461539 0.18509615384615385 0.25240384615384615
1 0.2932692307692308 0.2403846153846154 0.20432692307692307 0.2692307692307692
1 0.19591346153846154 0.09975961538461539 0.12980769230769232 0.15625
1 0.5036057692307693 0.13581730769230768 0.17067307692307693 0.23557692307692307
1 0.7668269230769231 0.29927884615384615 0.14903846153846154 0.20432692307692307
1 0.9170673076923077 0.78125 0.16346153846153846 0.23557692307692307
1 0.9399038461538461 0.5612980769230769 0.11538461538461539 0.21875
1 0.8004807692307693 0.5913461538461539 0.15384615384615385 0.2091346153846154
1 0.9242788461538461 0.3269230769230769 0.14903846153846154 0.21153846153846154
1 0.8100961538461539 0.9555288461538461 0.1658653846153846 0.08653846153846154
1 0.7788461538461539 0.7896634615384616 0.16826923076923078 0.21634615384615385
1 0.06610576923076923 0.46033653846153844 0.12740384615384615 0.25721153846153844
1 0.5240384615384616 0.4387019230769231 0.16826923076923078 0.2283653846153846
2 0.18389423076923078 0.625 0.3629807692307692 0.47596153846153844
0 0.40024038461538464 0.2932692307692308 0.0673076923076923 0.08173076923076923