1 0.8040865384615384 0.1201923076923077 0.18269230769230768 0.21153846153846154
1 0.8762019230769231 0.6358173076923077 0.16346153846153846 0.19951923076923078
1 0.38221153846153844 0.84375 0.16346153846153846 0.19951923076923078
1 0.7884615384615384 0.859375 0.16346153846153846 0.19951923076923078
1 0.6286057692307693 0.4567307692307692 0.1658653846153846 0.23798076923076922
1 0.296875 0.5973557692307693 0.1658653846153846 0.23798076923076922
1 0.07932692307692307 0.6899038461538461 0.15625 0.2403846153846154
1 0.06129807692307692 0.3894230769230769 0.1201923076923077 0.23798076923076922
1 0.8497596153846154 0.38461538461538464 0.14182692307692307 0.22596153846153846
1 0.5132211538461539 0.48677884615384615 0.1658653846153846 0.23798076923076922
1 0.5324519230769231 0.6754807692307693 0.1658653846153846 0.23798076923076922
1 0.5793269230769231 0.8581730769230769 0.16826923076923078 0.21394230769230768
2 0.38341346153846156 0.2668269230769231 0.36538461538461536 0.4519230769230769
0 0.21634615384615385 0.8966346153846154 0.07451923076923077 0.0625