1 0.35216346153846156 0.04927884615384615 0.2668269230769231 0.09375
1 0.6911057692307693 0.15865384615384615 0.27403846153846156 0.18269230769230768
1 0.4699519230769231 0.5877403846153846 0.2283653846153846 0.14903846153846154
1 0.4206730769230769 0.38461538461538464 0.18269230769230768 0.18990384615384615
1 0.25841346153846156 0.5264423076923077 0.22596153846153846 0.20192307692307693
1 0.17668269230769232 0.3269230769230769 0.22596153846153846 0.20192307692307693
1 0.9134615384615384 0.6117788461538461 0.16826923076923078 0.1658653846153846
1 0.7764423076923077 0.7271634615384616 0.1875 0.21153846153846154
1 0.11658653846153846 0.7908653846153846 0.2283653846153846 0.18990384615384615
1 0.37259615384615385 0.7776442307692307 0.2283653846153846 0.21153846153846154
1 0.11298076923076923 0.09375 0.22596153846153846 0.18269230769230768
1 0.9098557692307693 0.29447115384615385 0.17548076923076922 0.1658653846153846
1 0.6274038461538461 0.875 0.21634615384615385 0.15865384615384615
1 0.9435096153846154 0.8185096153846154 0.10817307692307693 0.1658653846153846
2 0.71875 0.43028846153846156 0.49038461538461536 0.34615384615384615