2 0.8088942307692307 0.4387019230769231 0.37740384615384615 0.6370192307692307
1 0.203125 0.23317307692307693 0.22355769230769232 0.21875
1 0.3485576923076923 0.5384615384615384 0.15865384615384615 0.19230769230769232
1 0.46033653846153844 0.49278846153846156 0.15865384615384615 0.19230769230769232
1 0.5901442307692307 0.25600961538461536 0.16346153846153846 0.33413461538461536
1 0.44711538461538464 0.25 0.15865384615384615 0.21153846153846154
1 0.4987980769230769 0.10576923076923077 0.15865384615384615 0.20673076923076922
1 0.20552884615384615 0.7247596153846154 0.20192307692307693 0.2403846153846154
1 0.21514423076923078 0.9206730769230769 0.2091346153846154 0.15384615384615385
1 0.59375 0.7223557692307693 0.19471153846153846 0.20192307692307693
1 0.4375 0.7319711538461539 0.2283653846153846 0.27884615384615385
1 0.9110576923076923 0.7584134615384616 0.17307692307692307 0.27163461538461536
1 0.9254807692307693 0.9230769230769231 0.14423076923076922 0.14903846153846154
1 0.48197115384615385 0.9555288461538461 0.18509615384615385 0.08413461538461539
1 0.6790865384615384 0.8870192307692307 0.2283653846153846 0.22115384615384615
0 0.2620192307692308 0.1045673076923077 0.06971153846153846 0.07692307692307693
1 0.17067307692307693 0.6201923076923077 0.16105769230769232 0.19230769230769232
1 0.7415865384615384 0.09615384615384616 0.16105769230769232 0.1875