1 0.08413461538461539 0.09735576923076923 0.16346153846153846 0.18990384615384615
1 0.5300480769230769 0.32211538461538464 0.25961538461538464 0.18269230769230768
1 0.8774038461538461 0.09375 0.2403846153846154 0.14423076923076922
1 0.25841346153846156 0.037259615384615384 0.24759615384615385 0.07211538461538461
1 0.8725961538461539 0.2608173076923077 0.25 0.18269230769230768
1 0.08653846153846154 0.3245192307692308 0.16826923076923078 0.18269230769230768
1 0.2548076923076923 0.7992788461538461 0.25721153846153844 0.21394230769230768
1 0.12980769230769232 0.47475961538461536 0.22596153846153846 0.19230769230769232
1 0.5120192307692307 0.8882211538461539 0.22596153846153846 0.20673076923076922
1 0.45913461538461536 0.22716346153846154 0.2692307692307692 0.18269230769230768
1 0.6634615384615384 0.2283653846153846 0.23076923076923078 0.16346153846153846
2 0.8485576923076923 0.8076923076923077 0.2980769230769231 0.3798076923076923
0 0.40865384615384615 0.10096153846153846 0.09134615384615384 0.07692307692307693