1 0.5552884615384616 0.765625 0.20192307692307693 0.22115384615384615
1 0.8257211538461539 0.7259615384615384 0.20192307692307693 0.22115384615384615
1 0.8125 0.5961538461538461 0.20192307692307693 0.22115384615384615
1 0.7403846153846154 0.3641826923076923 0.19951923076923078 0.18509615384615385
1 0.34975961538461536 0.4879807692307692 0.15865384615384615 0.2283653846153846
1 0.18629807692307693 0.3942307692307692 0.15865384615384615 0.2283653846153846
1 0.08774038461538461 0.8028846153846154 0.15865384615384615 0.2283653846153846
1 0.421875 0.08052884615384616 0.16826923076923078 0.15625
1 0.3762019230769231 0.7007211538461539 0.16826923076923078 0.1971153846153846
1 0.5144230769230769 0.30528846153846156 0.17307692307692307 0.22115384615384615
1 0.9375 0.17908653846153846 0.1201923076923077 0.25
1 0.07451923076923077 0.12740384615384615 0.14903846153846154 0.2283653846153846
2 0.7007211538461539 0.14783653846153846 0.35336538461538464 0.29086538461538464