1 0.16466346153846154 0.4266826923076923 0.15865384615384615 0.20673076923076922
1 0.042067307692307696 0.43028846153846156 0.08173076923076923 0.25240384615384615
1 0.41586538461538464 0.4567307692307692 0.20673076923076922 0.2403846153846154
1 0.7704326923076923 0.8413461538461539 0.17307692307692307 0.1971153846153846
1 0.9230769230769231 0.8810096153846154 0.14903846153846154 0.23557692307692307
1 0.7872596153846154 0.5865384615384616 0.16826923076923078 0.23557692307692307
1 0.9014423076923077 0.3173076923076923 0.19230769230769232 0.24759615384615385
1 0.8052884615384616 0.11658653846153846 0.17307692307692307 0.23317307692307693
1 0.6370192307692307 0.41947115384615385 0.16826923076923078 0.23557692307692307
1 0.33774038461538464 0.828125 0.1778846153846154 0.3004807692307692
1 0.1622596153846154 0.7584134615384616 0.16826923076923078 0.22596153846153846
1 0.1778846153846154 0.5372596153846154 0.16826923076923078 0.22596153846153846
1 0.2668269230769231 0.12740384615384615 0.125 0.1971153846153846
1 0.5661057692307693 0.1935096153846154 0.15144230769230768 0.20432692307692307
1 0.6454326923076923 0.056490384615384616 0.18028846153846154 0.11298076923076923
1 0.10697115384615384 0.23317307692307693 0.15144230769230768 0.20432692307692307
1 0.17548076923076922 0.8954326923076923 0.1875 0.19951923076923078
2 0.5540865384615384 0.8762019230769231 0.35336538461538464 0.24519230769230768