1 0.1045673076923077 0.48677884615384615 0.16346153846153846 0.2283653846153846
1 0.21754807692307693 0.2608173076923077 0.20192307692307693 0.23557692307692307
1 0.9026442307692307 0.6742788461538461 0.17307692307692307 0.22115384615384615
1 0.6646634615384616 0.6646634615384616 0.15384615384615385 0.2548076923076923
1 0.36778846153846156 0.4651442307692308 0.1971153846153846 0.23076923076923078
1 0.6814903846153846 0.23076923076923078 0.15384615384615385 0.2548076923076923
1 0.5180288461538461 0.21634615384615385 0.15865384615384615 0.27403846153846156
1 0.7920673076923077 0.9086538461538461 0.17067307692307693 0.1778846153846154
1 0.38461538461538464 0.0733173076923077 0.14182692307692307 0.14182692307692307
1 0.6394230769230769 0.9170673076923077 0.15865384615384615 0.16346153846153846
1 0.10216346153846154 0.9362980769230769 0.18509615384615385 0.12259615384615384
1 0.9579326923076923 0.4170673076923077 0.08173076923076923 0.21153846153846154
1 0.06490384615384616 0.10216346153846154 0.12980769230769232 0.20192307692307693