1 0.8882211538461539 0.5709134615384616 0.15865384615384615 0.22115384615384615
1 0.7175480769230769 0.5889423076923077 0.15865384615384615 0.22115384615384615
1 0.8257211538461539 0.35096153846153844 0.15865384615384615 0.22115384615384615
1 0.9362980769230769 0.34615384615384615 0.12259615384615384 0.22115384615384615
1 0.5024038461538461 0.4723557692307692 0.15384615384615385 0.21153846153846154
1 0.6382211538461539 0.3737980769230769 0.20432692307692307 0.1971153846153846
1 0.6899038461538461 0.2091346153846154 0.19230769230769232 0.15865384615384615
1 0.8581730769230769 0.08533653846153846 0.19230769230769232 0.1658653846153846
1 0.15384615384615385 0.2247596153846154 0.21153846153846154 0.23317307692307693
1 0.3449519230769231 0.078125 0.2091346153846154 0.15144230769230768
1 0.5252403846153846 0.25600961538461536 0.16346153846153846 0.22115384615384615
1 0.2439903846153846 0.5108173076923077 0.16826923076923078 0.2548076923076923
1 0.14903846153846154 0.46274038461538464 0.16826923076923078 0.22115384615384615
1 0.8173076923076923 0.8942307692307693 0.16105769230769232 0.20673076923076922
1 0.31971153846153844 0.7355769230769231 0.15865384615384615 0.22115384615384615
2 0.5456730769230769 0.8028846153846154 0.3701923076923077 0.3894230769230769