1 0.6730769230769231 0.19951923076923078 0.21153846153846154 0.1875
1 0.32572115384615385 0.15504807692307693 0.25 0.19230769230769232
1 0.15384615384615385 0.25721153846153844 0.23557692307692307 0.15865384615384615
1 0.5588942307692307 0.4014423076923077 0.27884615384615385 0.18509615384615385
1 0.7944711538461539 0.5324519230769231 0.22596153846153846 0.1778846153846154
1 0.8665865384615384 0.34375 0.24519230769230768 0.21634615384615385
1 0.9134615384615384 0.5985576923076923 0.16826923076923078 0.1971153846153846
1 0.12740384615384615 0.40384615384615385 0.1971153846153846 0.17307692307692307
1 0.28365384615384615 0.3425480769230769 0.1971153846153846 0.17307692307692307
2 0.375 0.7115384615384616 0.3557692307692308 0.2932692307692308
0 0.9663461538461539 0.06850961538461539 0.0625 0.07211538461538461
0 0.53125 0.8305288461538461 0.10576923076923077 0.07211538461538461