2 0.31850961538461536 0.42427884615384615 0.27163461538461536 0.3557692307692308
0 0.171875 0.5769230769230769 0.0673076923076923 0.07692307692307693
0 0.13341346153846154 0.5372596153846154 0.0673076923076923 0.07692307692307693
0 0.5540865384615384 0.9675480769230769 0.06490384615384616 0.06009615384615385
1 0.21875 0.14543269230769232 0.19230769230769232 0.21394230769230768
1 0.8762019230769231 0.8798076923076923 0.19951923076923078 0.23557692307692307
1 0.6502403846153846 0.171875 0.19230769230769232 0.2860576923076923
1 0.7956730769230769 0.2536057692307692 0.18269230769230768 0.15384615384615385
1 0.5444711538461539 0.6887019230769231 0.1778846153846154 0.1875
1 0.4182692307692308 0.7475961538461539 0.1778846153846154 0.1875
1 0.41225961538461536 0.171875 0.1778846153846154 0.1875
1 0.4891826923076923 0.265625 0.18509615384615385 0.22115384615384615
1 0.9278846153846154 0.11538461538461539 0.14182692307692307 0.22596153846153846
1 0.8629807692307693 0.42427884615384615 0.21153846153846154 0.21875
1 0.8810096153846154 0.5757211538461539 0.18269230769230768 0.18028846153846154
1 0.6766826923076923 0.6057692307692307 0.18269230769230768 0.1971153846153846
1 0.26802884615384615 0.6478365384615384 0.19951923076923078 0.19951923076923078
1 0.12379807692307693 0.7788461538461539 0.19951923076923078 0.19951923076923078