1 0.7007211538461539 0.28966346153846156 0.23076923076923078 0.22115384615384615
1 0.6802884615384616 0.43149038461538464 0.19230769230769232 0.21153846153846154
1 0.21634615384615385 0.3401442307692308 0.20432692307692307 0.22596153846153846
1 0.24879807692307693 0.8329326923076923 0.17307692307692307 0.21875
1 0.2920673076923077 0.9014423076923077 0.15625 0.19230769230769232
1 0.07692307692307693 0.5961538461538461 0.15384615384615385 0.25721153846153844
1 0.5456730769230769 0.7391826923076923 0.18269230769230768 0.25721153846153844
1 0.9122596153846154 0.32091346153846156 0.16826923076923078 0.25961538461538464
1 0.8485576923076923 0.6045673076923077 0.16826923076923078 0.25240384615384615
1 0.6358173076923077 0.6658653846153846 0.16826923076923078 0.25240384615384615
1 0.46875 0.22115384615384615 0.16826923076923078 0.25240384615384615
1 0.46033653846153844 0.48197115384615385 0.19951923076923078 0.2692307692307692
2 0.6538461538461539 0.10096153846153846 0.47596153846153844 0.1971153846153846
1 0.20552884615384615 0.09254807692307693 0.16105769230769232 0.18028846153846154
1 0.24879807692307693 0.21634615384615385 0.15625 0.21634615384615385
1 0.8365384615384616 0.8942307692307693 0.18269230769230768 0.20673076923076922