1 0.38341346153846156 0.8040865384615384 0.1658653846153846 0.20673076923076922
1 0.06009615384615385 0.8786057692307693 0.1201923076923077 0.21394230769230768
1 0.5348557692307693 0.30649038461538464 0.2403846153846154 0.17307692307692307
1 0.3485576923076923 0.5985576923076923 0.20192307692307693 0.17307692307692307
1 0.4579326923076923 0.125 0.19230769230769232 0.19230769230769232
1 0.16947115384615385 0.10817307692307693 0.17067307692307693 0.21634615384615385
1 0.5528846153846154 0.6310096153846154 0.17067307692307693 0.22596153846153846
1 0.7079326923076923 0.5576923076923077 0.1875 0.21634615384615385
1 0.7463942307692307 0.7415865384615384 0.19471153846153846 0.22115384615384615
1 0.9074519230769231 0.31850961538461536 0.1778846153846154 0.23798076923076922
1 0.8966346153846154 0.4951923076923077 0.1466346153846154 0.23798076923076922
1 0.5889423076923077 0.9266826923076923 0.16346153846153846 0.14182692307692307
0 0.8413461538461539 0.8918269230769231 0.07451923076923077 0.08653846153846154
0 0.9795673076923077 0.6538461538461539 0.038461538461538464 0.0673076923076923
2 0.12620192307692307 0.3894230769230769 0.25240384615384615 0.42788461538461536
0 0.02283653846153846 0.038461538461538464 0.04326923076923077 0.06490384615384616