1 0.4387019230769231 0.11177884615384616 0.22596153846153846 0.16346153846153846
1 0.4206730769230769 0.2860576923076923 0.22596153846153846 0.16346153846153846
1 0.6634615384615384 0.17548076923076922 0.22596153846153846 0.16346153846153846
1 0.6682692307692307 0.06370192307692307 0.22596153846153846 0.12259615384615384
1 0.5396634615384616 0.5036057692307693 0.21634615384615385 0.15625
1 0.6394230769230769 0.36658653846153844 0.20192307692307693 0.20673076923076922
1 0.8076923076923077 0.3137019230769231 0.16105769230769232 0.19471153846153846
1 0.9230769230769231 0.140625 0.14903846153846154 0.19471153846153846
1 0.7908653846153846 0.8581730769230769 0.23798076923076922 0.21394230769230768
1 0.9302884615384616 0.6610576923076923 0.1346153846153846 0.21153846153846154
1 0.7596153846153846 0.4807692307692308 0.22596153846153846 0.16826923076923078
1 0.5 0.7668269230769231 0.25961538461538464 0.17307692307692307
1 0.5480769230769231 0.8629807692307693 0.22596153846153846 0.17307692307692307
1 0.109375 0.18389423076923078 0.21394230769230768 0.16346153846153846
1 0.2704326923076923 0.6899038461538461 0.22596153846153846 0.16346153846153846
2 0.20192307692307693 0.45913461538461536 0.39903846153846156 0.37740384615384615