1 0.8786057692307693 0.453125 0.2403846153846154 0.16826923076923078
1 0.8449519230769231 0.2848557692307692 0.20192307692307693 0.17307692307692307
1 0.21514423076923078 0.4338942307692308 0.21634615384615385 0.1778846153846154
1 0.1310096153846154 0.2668269230769231 0.25961538461538464 0.18990384615384615
1 0.6454326923076923 0.42427884615384615 0.20432692307692307 0.1875
1 0.07932692307692307 0.5721153846153846 0.15384615384615385 0.1971153846153846
1 0.46153846153846156 0.36899038461538464 0.2283653846153846 0.13701923076923078
1 0.0985576923076923 0.0673076923076923 0.19230769230769232 0.12980769230769232
1 0.3942307692307692 0.23798076923076922 0.23317307692307693 0.16826923076923078
1 0.6274038461538461 0.20552884615384615 0.21153846153846154 0.16826923076923078
1 0.18990384615384615 0.7223557692307693 0.23317307692307693 0.16826923076923078
1 0.3629807692307692 0.078125 0.22115384615384615 0.15384615384615385
1 0.8257211538461539 0.08653846153846154 0.1875 0.16826923076923078
1 0.28846153846153844 0.9302884615384616 0.2403846153846154 0.1346153846153846
2 0.6862980769230769 0.8004807692307693 0.46153846153846156 0.3269230769230769
0 0.46033653846153844 0.44711538461538464 0.09134615384615384 0.057692307692307696