2 0.640625 0.3329326923076923 0.25961538461538464 0.23076923076923078
0 0.46153846153846156 0.234375 0.10817307692307693 0.08653846153846154
1 0.2644230769230769 0.8701923076923077 0.25961538461538464 0.19230769230769232
1 0.6514423076923077 0.7403846153846154 0.20673076923076922 0.14182692307692307
1 0.8377403846153846 0.9459134615384616 0.20673076923076922 0.10576923076923077
1 0.7920673076923077 0.6826923076923077 0.25961538461538464 0.21394230769230768
1 0.8305288461538461 0.5024038461538461 0.25961538461538464 0.21394230769230768
1 0.4411057692307692 0.671875 0.20673076923076922 0.1875
1 0.1875 0.6826923076923077 0.2692307692307692 0.18028846153846154
1 0.3076923076923077 0.34134615384615385 0.2403846153846154 0.1658653846153846
1 0.39302884615384615 0.1346153846153846 0.2403846153846154 0.1658653846153846
1 0.3942307692307692 0.051682692307692304 0.3245192307692308 0.10336538461538461
1 0.6045673076923077 0.5084134615384616 0.2403846153846154 0.1658653846153846
1 0.359375 0.5132211538461539 0.2403846153846154 0.1658653846153846
1 0.10817307692307693 0.4831730769230769 0.21153846153846154 0.22596153846153846
1 0.0673076923076923 0.3004807692307692 0.12980769230769232 0.1778846153846154
1 0.10096153846153846 0.8413461538461539 0.1971153846153846 0.24519230769230768
1 0.6201923076923077 0.036057692307692304 0.25 0.07211538461538461
1 0.10096153846153846 0.10817307692307693 0.1971153846153846 0.17307692307692307