1 0.6766826923076923 0.17427884615384615 0.2668269230769231 0.17307692307692307
1 0.21394230769230768 0.5396634615384616 0.2668269230769231 0.17307692307692307
1 0.4266826923076923 0.35096153846153844 0.21634615384615385 0.21875
1 0.5504807692307693 0.8221153846153846 0.21634615384615385 0.15865384615384615
1 0.40625 0.9074519230769231 0.21634615384615385 0.15865384615384615
1 0.15264423076923078 0.796875 0.28365384615384615 0.16826923076923078
1 0.2644230769230769 0.09134615384615384 0.27163461538461536 0.18269230769230768
1 0.09134615384615384 0.18870192307692307 0.1778846153846154 0.17548076923076922
1 0.2247596153846154 0.9423076923076923 0.22115384615384615 0.11298076923076923
1 0.6514423076923077 0.9423076923076923 0.23317307692307693 0.11298076923076923
2 0.7427884615384616 0.515625 0.5096153846153846 0.375
0 0.7848557692307693 0.30288461538461536 0.07692307692307693 0.0625
0 0.4098557692307692 0.14302884615384615 0.10096153846153846 0.08653846153846154