2 0.24639423076923078 0.7055288461538461 0.38461538461538464 0.3076923076923077
1 0.36538461538461536 0.46634615384615385 0.2692307692307692 0.18509615384615385
1 0.2956730769230769 0.2800480769230769 0.2692307692307692 0.18509615384615385
1 0.6574519230769231 0.4182692307692308 0.2692307692307692 0.18509615384615385
1 0.7055288461538461 0.6237980769230769 0.2548076923076923 0.1778846153846154
1 0.8954326923076923 0.41947115384615385 0.20432692307692307 0.21634615384615385
1 0.4387019230769231 0.08413461538461539 0.2620192307692308 0.16346153846153846
1 0.9519230769230769 0.8245192307692307 0.09134615384615384 0.18990384615384615
1 0.07572115384615384 0.8737980769230769 0.15144230769230768 0.18028846153846154
1 0.4254807692307692 0.9014423076923077 0.21153846153846154 0.14903846153846154
1 0.0733173076923077 0.109375 0.14423076923076922 0.16826923076923078
1 0.6610576923076923 0.03245192307692308 0.18269230769230768 0.0625
1 0.8834134615384616 0.0733173076923077 0.22596153846153846 0.14423076923076922
1 0.5985576923076923 0.9194711538461539 0.2548076923076923 0.15865384615384615
0 0.6862980769230769 0.7692307692307693 0.10817307692307693 0.06490384615384616
1 0.11298076923076923 0.3425480769230769 0.22596153846153846 0.21153846153846154
1 0.6189903846153846 0.5925480769230769 0.18269230769230768 0.16105769230769232
1 0.5600961538461539 0.6454326923076923 0.18269230769230768 0.16105769230769232