1 0.15865384615384615 0.6538461538461539 0.1971153846153846 0.25961538461538464
1 0.24158653846153846 0.33052884615384615 0.17307692307692307 0.2644230769230769
1 0.7512019230769231 0.6057692307692307 0.14903846153846154 0.22355769230769232
1 0.4699519230769231 0.8557692307692307 0.14903846153846154 0.22355769230769232
1 0.18028846153846154 0.8978365384615384 0.16826923076923078 0.19951923076923078
1 0.9266826923076923 0.296875 0.14182692307692307 0.22355769230769232
1 0.6766826923076923 0.4026442307692308 0.16346153846153846 0.22115384615384615
1 0.7668269230769231 0.24158653846153846 0.18269230769230768 0.21153846153846154
1 0.5865384615384616 0.22355769230769232 0.18269230769230768 0.21153846153846154
1 0.0733173076923077 0.296875 0.14423076923076922 0.21634615384615385
1 0.3004807692307692 0.7860576923076923 0.15625 0.21634615384615385
1 0.7752403846153846 0.10817307692307693 0.14903846153846154 0.15865384615384615
1 0.9050480769230769 0.8701923076923077 0.1875 0.21634615384615385
1 0.6213942307692307 0.6670673076923077 0.11298076923076923 0.2860576923076923
1 0.3786057692307692 0.140625 0.16346153846153846 0.22115384615384615
1 0.9134615384615384 0.5360576923076923 0.16346153846153846 0.22115384615384615
1 0.07692307692307693 0.078125 0.14903846153846154 0.15384615384615385
0 0.2704326923076923 0.052884615384615384 0.09134615384615384 0.10096153846153846
0 0.5060096153846154 0.1346153846153846 0.057692307692307696 0.04807692307692308
2 0.44711538461538464 0.49038461538461536 0.3894230769230769 0.46634615384615385