1 0.6959134615384616 0.21995192307692307 0.20673076923076922 0.16346153846153846
1 0.1141826923076923 0.30288461538461536 0.22596153846153846 0.1778846153846154
1 0.09014423076923077 0.46153846153846156 0.17548076923076922 0.18269230769230768
1 0.0829326923076923 0.6730769230769231 0.16105769230769232 0.1875
1 0.43509615384615385 0.08533653846153846 0.18028846153846154 0.15144230769230768
1 0.7379807692307693 0.6430288461538461 0.21153846153846154 0.15865384615384615
1 0.7848557692307693 0.4891826923076923 0.21153846153846154 0.15865384615384615
1 0.9170673076923077 0.09975961538461539 0.16346153846153846 0.14182692307692307
1 0.4723557692307692 0.37259615384615385 0.2692307692307692 0.2091346153846154
1 0.9182692307692307 0.5949519230769231 0.15865384615384615 0.15865384615384615
1 0.9182692307692307 0.7055288461538461 0.15865384615384615 0.15865384615384615
1 0.5673076923076923 0.7608173076923077 0.18028846153846154 0.15625
1 0.07451923076923077 0.8798076923076923 0.14423076923076922 0.22115384615384615
2 0.3449519230769231 0.5600961538461539 0.3557692307692308 0.3701923076923077
0 0.0673076923076923 0.20793269230769232 0.08173076923076923 0.057692307692307696