2 0.7776442307692307 0.6009615384615384 0.3942307692307692 0.4423076923076923
1 0.2764423076923077 0.5877403846153846 0.20192307692307693 0.2403846153846154
1 0.09975961538461539 0.32211538461538464 0.1971153846153846 0.24519230769230768
1 0.3425480769230769 0.7848557692307693 0.1778846153846154 0.22115384615384615
1 0.19110576923076922 0.7776442307692307 0.1778846153846154 0.22115384615384615
1 0.08413461538461539 0.640625 0.16346153846153846 0.22115384615384615
1 0.07572115384615384 0.8305288461538461 0.14903846153846154 0.22115384615384615
1 0.3641826923076923 0.17548076923076922 0.1778846153846154 0.22115384615384615
1 0.4266826923076923 0.17548076923076922 0.1778846153846154 0.22115384615384615
1 0.5120192307692307 0.1346153846153846 0.1778846153846154 0.22115384615384615
1 0.5853365384615384 0.11899038461538461 0.1778846153846154 0.22115384615384615
1 0.7680288461538461 0.08052884615384616 0.18990384615384615 0.16105769230769232
1 0.9399038461538461 0.49278846153846156 0.11538461538461539 0.30288461538461536
1 0.5180288461538461 0.9338942307692307 0.17307692307692307 0.12740384615384615
1 0.6598557692307693 0.9338942307692307 0.17307692307692307 0.12740384615384615
1 0.9350961538461539 0.07211538461538461 0.125 0.14423076923076922
1 0.6177884615384616 0.3605769230769231 0.1971153846153846 0.1778846153846154
1 0.15985576923076922 0.9230769230769231 0.2692307692307692 0.14903846153846154
1 0.7247596153846154 0.23076923076923078 0.14423076923076922 0.24519230769230768
1 0.20432692307692307 0.08052884615384616 0.21153846153846154 0.16105769230769232