1 0.6225961538461539 0.07091346153846154 0.2283653846153846 0.13942307692307693
1 0.11298076923076923 0.43028846153846156 0.22596153846153846 0.1875
1 0.703125 0.3317307692307692 0.2403846153846154 0.15865384615384615
1 0.9158653846153846 0.1971153846153846 0.16346153846153846 0.13701923076923078
1 0.11057692307692307 0.9326923076923077 0.22115384615384615 0.13221153846153846
1 0.24759615384615385 0.7355769230769231 0.19230769230769232 0.1466346153846154
1 0.5649038461538461 0.4891826923076923 0.21634615384615385 0.18509615384615385
1 0.7127403846153846 0.5240384615384616 0.21634615384615385 0.18509615384615385
1 0.4807692307692308 0.21875 0.24759615384615385 0.1778846153846154
1 0.4326923076923077 0.33533653846153844 0.24759615384615385 0.1778846153846154
1 0.10576923076923077 0.32572115384615385 0.21153846153846154 0.17307692307692307
1 0.828125 0.6189903846153846 0.15384615384615385 0.16346153846153846
1 0.3076923076923077 0.07211538461538461 0.1971153846153846 0.13942307692307693
2 0.6634615384615384 0.8088942307692307 0.5 0.3798076923076923