1 0.31490384615384615 0.21033653846153846 0.20192307692307693 0.18028846153846154
1 0.6466346153846154 0.16826923076923078 0.23798076923076922 0.18269230769230768
1 0.8112980769230769 0.265625 0.22596153846153846 0.15144230769230768
1 0.42427884615384615 0.40384615384615385 0.2692307692307692 0.1778846153846154
1 0.19951923076923078 0.5288461538461539 0.21634615384615385 0.16826923076923078
1 0.12980769230769232 0.3485576923076923 0.23317307692307693 0.20673076923076922
1 0.0829326923076923 0.59375 0.16346153846153846 0.18990384615384615
1 0.8365384615384616 0.40625 0.1875 0.1658653846153846
1 0.6875 0.3473557692307692 0.1875 0.1658653846153846
2 0.5997596153846154 0.7007211538461539 0.34134615384615385 0.28125
0 0.03365384615384615 0.08533653846153846 0.0625 0.06971153846153846
0 0.45072115384615385 0.8149038461538461 0.10096153846153846 0.0673076923076923