1 0.8449519230769231 0.5456730769230769 0.21875 0.1778846153846154
1 0.5925480769230769 0.3161057692307692 0.20192307692307693 0.15865384615384615
1 0.4182692307692308 0.15625 0.25240384615384615 0.18269230769230768
1 0.3317307692307692 0.3485576923076923 0.25240384615384615 0.18269230769230768
1 0.5661057692307693 0.8617788461538461 0.14903846153846154 0.1778846153846154
1 0.14543269230769232 0.4879807692307692 0.1778846153846154 0.14423076923076922
1 0.2848557692307692 0.47596153846153844 0.1778846153846154 0.14423076923076922
1 0.08774038461538461 0.8870192307692307 0.17307692307692307 0.14423076923076922
1 0.20072115384615385 0.0985576923076923 0.1778846153846154 0.14423076923076922
2 0.39783653846153844 0.9266826923076923 0.27163461538461536 0.14182692307692307
0 0.7379807692307693 0.9495192307692307 0.07932692307692307 0.0625
0 0.7115384615384616 0.41346153846153844 0.07692307692307693 0.052884615384615384
0 0.7319711538461539 0.47115384615384615 0.07692307692307693 0.052884615384615384
0 0.7740384615384616 0.3713942307692308 0.08173076923076923 0.06490384615384616