1 0.2608173076923077 0.25 0.27403846153846156 0.17548076923076922
1 0.5612980769230769 0.7319711538461539 0.23076923076923078 0.1875
1 0.7379807692307693 0.8088942307692307 0.23557692307692307 0.14903846153846154
1 0.6935096153846154 0.6033653846153846 0.24519230769230768 0.18509615384615385
1 0.2920673076923077 0.9086538461538461 0.2403846153846154 0.14903846153846154
1 0.234375 0.09975961538461539 0.22355769230769232 0.13942307692307693
1 0.6538461538461539 0.25961538461538464 0.22115384615384615 0.1658653846153846
1 0.4723557692307692 0.15144230769230768 0.1971153846153846 0.21153846153846154
1 0.9314903846153846 0.44591346153846156 0.13221153846153846 0.18028846153846154
1 0.13581730769230768 0.6814903846153846 0.2548076923076923 0.21634615384615385
0 0.5444711538461539 0.38822115384615385 0.08413461538461539 0.06971153846153846
0 0.042067307692307696 0.84375 0.07451923076923077 0.0625
2 0.2800480769230769 0.4387019230769231 0.34615384615384615 0.27403846153846156