2 0.43509615384615385 0.671875 0.2932692307692308 0.2403846153846154
2 0.8918269230769231 0.3942307692307692 0.21153846153846154 0.2548076923076923
1 0.9134615384615384 0.6598557692307693 0.16826923076923078 0.1778846153846154
1 0.8822115384615384 0.8389423076923077 0.21875 0.17548076923076922
1 0.7980769230769231 0.7788461538461539 0.21875 0.17548076923076922
1 0.41947115384615385 0.3581730769230769 0.21875 0.17548076923076922
1 0.59375 0.23918269230769232 0.22596153846153846 0.20192307692307693
1 0.9278846153846154 0.06490384615384616 0.13942307692307693 0.125
1 0.78125 0.03485576923076923 0.19230769230769232 0.0673076923076923
1 0.6382211538461539 0.06370192307692307 0.20192307692307693 0.125
1 0.49399038461538464 0.07211538461538461 0.20192307692307693 0.13942307692307693
1 0.23677884615384615 0.052884615384615384 0.27884615384615385 0.10336538461538461
1 0.06610576923076923 0.12379807692307693 0.12740384615384615 0.24278846153846154
0 0.875 0.5516826923076923 0.10096153846153846 0.09615384615384616
0 0.5697115384615384 0.7884615384615384 0.09615384615384616 0.0625
0 0.25721153846153844 0.3954326923076923 0.09615384615384616 0.0625
0 0.21153846153846154 0.28365384615384615 0.09615384615384616 0.0625
1 0.5504807692307693 0.4110576923076923 0.21875 0.17548076923076922
1 0.6694711538461539 0.4951923076923077 0.21875 0.17548076923076922
1 0.09495192307692307 0.8641826923076923 0.1875 0.19471153846153846
1 0.21995192307692307 0.9242788461538461 0.21875 0.1466346153846154
1 0.2127403846153846 0.8341346153846154 0.21394230769230768 0.15384615384615385
1 0.6610576923076923 0.921875 0.28365384615384615 0.15144230769230768
1 0.48677884615384615 0.24639423076923078 0.17067307692307693 0.14423076923076922