1 0.33052884615384615 0.5012019230769231 0.20192307692307693 0.12740384615384615
1 0.5264423076923077 0.8341346153846154 0.21153846153846154 0.2091346153846154
1 0.34134615384615385 0.6274038461538461 0.24519230769230768 0.17067307692307693
1 0.5 0.2920673076923077 0.30528846153846156 0.21634615384615385
1 0.6658653846153846 0.06009615384615385 0.21634615384615385 0.11057692307692307
1 0.1502403846153846 0.7896634615384616 0.21634615384615385 0.11298076923076923
1 0.7524038461538461 0.8834134615384616 0.21153846153846154 0.12259615384615384
1 0.9170673076923077 0.06850961538461539 0.16105769230769232 0.13221153846153846
1 0.6682692307692307 0.375 0.19951923076923078 0.17307692307692307
2 0.7572115384615384 0.5949519230769231 0.34134615384615385 0.3245192307692308
0 0.9170673076923077 0.22355769230769232 0.07211538461538461 0.052884615384615384
1 0.14783653846153846 0.6490384615384616 0.21153846153846154 0.16105769230769232