1 0.31971153846153844 0.35336538461538464 0.24759615384615385 0.16105769230769232
1 0.8701923076923077 0.2848557692307692 0.21153846153846154 0.18509615384615385
1 0.4735576923076923 0.23076923076923078 0.25 0.19230769230769232
1 0.6923076923076923 0.17908653846153846 0.1778846153846154 0.1875
1 0.9086538461538461 0.8413461538461539 0.1778846153846154 0.15865384615384615
1 0.5865384615384616 0.9254807692307693 0.21634615384615385 0.14423076923076922
1 0.3581730769230769 0.9254807692307693 0.21634615384615385 0.14423076923076922
1 0.14423076923076922 0.47596153846153844 0.2403846153846154 0.19951923076923078
1 0.33413461538461536 0.6286057692307693 0.23557692307692307 0.17307692307692307
1 0.2860576923076923 0.7884615384615384 0.23557692307692307 0.17307692307692307
1 0.16826923076923078 0.7463942307692307 0.23557692307692307 0.17307692307692307
1 0.46274038461538464 0.052884615384615384 0.21634615384615385 0.10096153846153846
1 0.5384615384615384 0.7764423076923077 0.20673076923076922 0.15384615384615385
2 0.5913461538461539 0.5456730769230769 0.47596153846153844 0.3581730769230769