1 0.7908653846153846 0.16826923076923078 0.19471153846153846 0.21634615384615385
1 0.5204326923076923 0.546875 0.18028846153846154 0.16826923076923078
1 0.6141826923076923 0.3473557692307692 0.15865384615384615 0.22115384615384615
1 0.6646634615384616 0.6778846153846154 0.18269230769230768 0.22596153846153846
1 0.6862980769230769 0.90625 0.18509615384615385 0.18269230769230768
1 0.14302884615384615 0.1141826923076923 0.19230769230769232 0.22355769230769232
1 0.08533653846153846 0.3269230769230769 0.15865384615384615 0.1971153846153846
1 0.1045673076923077 0.8161057692307693 0.1971153846153846 0.21153846153846154
1 0.23918269230769232 0.9266826923076923 0.17307692307692307 0.14423076923076922
1 0.4110576923076923 0.9266826923076923 0.17307692307692307 0.14423076923076922
1 0.8762019230769231 0.7391826923076923 0.16826923076923078 0.22115384615384615
1 0.5841346153846154 0.26322115384615385 0.16826923076923078 0.22115384615384615
1 0.3485576923076923 0.19110576923076922 0.16105769230769232 0.1778846153846154
1 0.38221153846153844 0.7800480769230769 0.1971153846153846 0.25721153846153844
1 0.9411057692307693 0.6201923076923077 0.11538461538461539 0.20673076923076922
1 0.07572115384615384 0.6262019230769231 0.15144230769230768 0.1971153846153846
0 0.47836538461538464 0.1310096153846154 0.08653846153846154 0.10096153846153846
0 0.8786057692307693 0.47836538461538464 0.10096153846153846 0.1346153846153846
2 0.25 0.4855769230769231 0.3317307692307692 0.4182692307692308