1 0.4411057692307692 0.31850961538461536 0.18028846153846154 0.23317307692307693
1 0.27884615384615385 0.38822115384615385 0.15865384615384615 0.2283653846153846
1 0.48197115384615385 0.5805288461538461 0.15865384615384615 0.2283653846153846
1 0.23197115384615385 0.6286057692307693 0.18509615384615385 0.2403846153846154
1 0.9230769230769231 0.7079326923076923 0.15144230769230768 0.24278846153846154
1 0.3233173076923077 0.8966346153846154 0.18990384615384615 0.20192307692307693
1 0.7584134615384616 0.6947115384615384 0.21153846153846154 0.25
1 0.6646634615384616 0.6442307692307693 0.2692307692307692 0.1971153846153846
1 0.7163461538461539 0.38221153846153844 0.23557692307692307 0.22115384615384615
1 0.859375 0.29086538461538464 0.1875 0.23557692307692307
1 0.8870192307692307 0.08052884615384616 0.16826923076923078 0.15865384615384615
2 0.20192307692307693 0.14543269230769232 0.3173076923076923 0.28846153846153844