2 0.7463942307692307 0.3954326923076923 0.49038461538461536 0.33653846153846156
1 0.6177884615384616 0.6105769230769231 0.20192307692307693 0.11778846153846154
1 0.8545673076923077 0.6262019230769231 0.2403846153846154 0.1466346153846154
1 0.7524038461538461 0.765625 0.17067307692307693 0.15625
1 0.8004807692307693 0.9182692307692307 0.20192307692307693 0.15865384615384615
1 0.9206730769230769 0.7596153846153846 0.15384615384615385 0.16105769230769232
1 0.14783653846153846 0.7283653846153846 0.20673076923076922 0.17307692307692307
1 0.07451923076923077 0.5012019230769231 0.14423076923076922 0.17067307692307693
1 0.0889423076923077 0.10576923076923077 0.17307692307692307 0.2091346153846154
1 0.32211538461538464 0.08052884615384616 0.22115384615384615 0.15865384615384615
1 0.7596153846153846 0.1778846153846154 0.22115384615384615 0.16105769230769232
1 0.4699519230769231 0.4675480769230769 0.22115384615384615 0.16105769230769232
1 0.2800480769230769 0.23076923076923078 0.18990384615384615 0.1778846153846154
1 0.6033653846153846 0.9399038461538461 0.21153846153846154 0.11778846153846154
0 0.18389423076923078 0.49038461538461536 0.07692307692307693 0.07211538461538461
1 0.47475961538461536 0.6694711538461539 0.20673076923076922 0.17307692307692307