1 0.8100961538461539 0.6346153846153846 0.1778846153846154 0.1875
1 0.2920673076923077 0.3004807692307692 0.17548076923076922 0.25721153846153844
1 0.08173076923076923 0.5504807692307693 0.16105769230769232 0.25961538461538464
1 0.9254807692307693 0.19471153846153846 0.14423076923076922 0.25961538461538464
1 0.7848557692307693 0.24278846153846154 0.1875 0.25
1 0.8161057692307693 0.3954326923076923 0.1875 0.25
1 0.9158653846153846 0.8329326923076923 0.16346153846153846 0.23317307692307693
1 0.41466346153846156 0.0829326923076923 0.18028846153846154 0.16105769230769232
0 0.9302884615384616 0.5084134615384616 0.08173076923076923 0.0985576923076923
0 0.6682692307692307 0.47475961538461536 0.08173076923076923 0.08653846153846154
0 0.9158653846153846 0.019230769230769232 0.07211538461538461 0.03365384615384615
2 0.39302884615384615 0.71875 0.4951923076923077 0.5576923076923077