2 0.4423076923076923 0.30528846153846156 0.37740384615384615 0.3076923076923077
2 0.13701923076923078 0.40384615384615385 0.2692307692307692 0.23557692307692307
0 0.2620192307692308 0.15264423076923078 0.09134615384615384 0.06009615384615385
0 0.7896634615384616 0.9014423076923077 0.09134615384615384 0.06009615384615385
1 0.5913461538461539 0.7079326923076923 0.2980769230769231 0.2091346153846154
1 0.25961538461538464 0.7740384615384616 0.24759615384615385 0.17307692307692307
1 0.17548076923076922 0.9194711538461539 0.2548076923076923 0.15625
1 0.07692307692307693 0.8257211538461539 0.14903846153846154 0.1778846153846154
1 0.9014423076923077 0.12620192307692307 0.19230769230769232 0.13701923076923078
1 0.8617788461538461 0.17908653846153846 0.23557692307692307 0.1346153846153846
1 0.8257211538461539 0.22956730769230768 0.23557692307692307 0.1346153846153846
1 0.7824519230769231 0.2980769230769231 0.23557692307692307 0.1346153846153846
1 0.71875 0.3786057692307692 0.23557692307692307 0.1346153846153846
1 0.29927884615384615 0.0673076923076923 0.23557692307692307 0.13221153846153846
1 0.14903846153846154 0.055288461538461536 0.2403846153846154 0.10576923076923077
1 0.8545673076923077 0.7944711538461539 0.22115384615384615 0.11538461538461539
1 0.8581730769230769 0.7211538461538461 0.22115384615384615 0.13221153846153846
1 0.8701923076923077 0.4987980769230769 0.22115384615384615 0.14903846153846154
1 0.28966346153846156 0.5961538461538461 0.25 0.1778846153846154