1 0.6310096153846154 0.2932692307692308 0.23557692307692307 0.18269230769230768
1 0.2403846153846154 0.6442307692307693 0.23557692307692307 0.18269230769230768
1 0.7151442307692307 0.7211538461538461 0.23557692307692307 0.18269230769230768
1 0.49038461538461536 0.5612980769230769 0.24519230769230768 0.11538461538461539
1 0.3894230769230769 0.31490384615384615 0.24278846153846154 0.1971153846153846
1 0.8737980769230769 0.5120192307692307 0.2283653846153846 0.16826923076923078
1 0.8401442307692307 0.31971153846153844 0.20673076923076922 0.20192307692307693
1 0.5552884615384616 0.8689903846153846 0.23557692307692307 0.18269230769230768
1 0.8918269230769231 0.8341346153846154 0.21153846153846154 0.15865384615384615
1 0.07572115384615384 0.5997596153846154 0.1466346153846154 0.18990384615384615
1 0.48677884615384615 0.4879807692307692 0.23076923076923078 0.18269230769230768
1 0.8305288461538461 0.19110576923076922 0.20432692307692307 0.19230769230769232
2 0.1658653846153846 0.3713942307692308 0.3269230769230769 0.3485576923076923