1 0.8329326923076923 0.24639423076923078 0.28365384615384615 0.1875
1 0.5805288461538461 0.734375 0.22596153846153846 0.15625
1 0.9230769230769231 0.5516826923076923 0.14903846153846154 0.18509615384615385
1 0.609375 0.5216346153846154 0.23798076923076922 0.18269230769230768
1 0.5072115384615384 0.10697115384615384 0.20673076923076922 0.18269230769230768
1 0.39783653846153844 0.29086538461538464 0.17307692307692307 0.1875
1 0.6177884615384616 0.3004807692307692 0.20432692307692307 0.16826923076923078
1 0.3894230769230769 0.8762019230769231 0.2548076923076923 0.16346153846153846
1 0.7451923076923077 0.0625 0.25961538461538464 0.1201923076923077
1 0.8365384615384616 0.6165865384615384 0.2548076923076923 0.2091346153846154
1 0.05889423076923077 0.5805288461538461 0.11538461538461539 0.22115384615384615
2 0.3161057692307692 0.6021634615384616 0.4519230769230769 0.3389423076923077