1 0.38221153846153844 0.25721153846153844 0.22596153846153846 0.23798076923076922
1 0.5444711538461539 0.10817307692307693 0.15384615384615385 0.21153846153846154
1 0.8425480769230769 0.13221153846153846 0.17548076923076922 0.23317307692307693
1 0.6742788461538461 0.23677884615384615 0.17548076923076922 0.23317307692307693
1 0.7007211538461539 0.4567307692307692 0.17548076923076922 0.23317307692307693
1 0.5612980769230769 0.8185096153846154 0.1971153846153846 0.23798076923076922
1 0.36658653846153844 0.6586538461538461 0.1971153846153846 0.27403846153846156
1 0.6766826923076923 0.6177884615384616 0.18990384615384615 0.24519230769230768
1 0.35697115384615385 0.8942307692307693 0.20432692307692307 0.20673076923076922
1 0.15625 0.9134615384615384 0.22115384615384615 0.1466346153846154
1 0.9206730769230769 0.7992788461538461 0.15384615384615385 0.18269230769230768
1 0.9314903846153846 0.6682692307692307 0.1346153846153846 0.22115384615384615
1 0.875 0.9411057692307693 0.16346153846153846 0.11298076923076923
1 0.6634615384615384 0.9411057692307693 0.16346153846153846 0.11298076923076923
2 0.140625 0.44711538461538464 0.28125 0.4519230769230769
0 0.2644230769230769 0.27524038461538464 0.07211538461538461 0.09615384615384616