1 0.8689903846153846 0.7259615384615384 0.17548076923076922 0.21153846153846154
1 0.7848557692307693 0.5360576923076923 0.16346153846153846 0.21153846153846154
1 0.8209134615384616 0.0889423076923077 0.1658653846153846 0.1778846153846154
1 0.6153846153846154 0.11298076923076923 0.1778846153846154 0.22596153846153846
1 0.35096153846153844 0.0889423076923077 0.21153846153846154 0.1778846153846154
1 0.41466346153846156 0.3173076923076923 0.16826923076923078 0.23076923076923078
1 0.24158653846153846 0.3858173076923077 0.16826923076923078 0.23076923076923078
1 0.1310096153846154 0.6670673076923077 0.18990384615384615 0.18269230769230768
1 0.6454326923076923 0.90625 0.19230769230769232 0.18269230769230768
1 0.08173076923076923 0.2800480769230769 0.15865384615384615 0.23557692307692307
1 0.12980769230769232 0.16826923076923078 0.18990384615384615 0.23557692307692307
1 0.06610576923076923 0.49759615384615385 0.12740384615384615 0.1875
1 0.5973557692307693 0.5552884615384616 0.16826923076923078 0.23557692307692307
1 0.6899038461538461 0.3581730769230769 0.1875 0.25961538461538464
2 0.4362980769230769 0.7788461538461539 0.38461538461538464 0.4375