1 0.13221153846153846 0.6754807692307693 0.18509615384615385 0.2403846153846154
1 0.13581730769230768 0.4375 0.18509615384615385 0.2403846153846154
1 0.9158653846153846 0.20793269230769232 0.16346153846153846 0.24759615384615385
1 0.20793269230769232 0.23197115384615385 0.16346153846153846 0.20192307692307693
1 0.5576923076923077 0.8028846153846154 0.16346153846153846 0.20192307692307693
1 0.9399038461538461 0.9399038461538461 0.11538461538461539 0.11538461538461539
1 0.40625 0.3545673076923077 0.16346153846153846 0.16346153846153846
1 0.6983173076923077 0.375 0.16346153846153846 0.1658653846153846
1 0.5709134615384616 0.6237980769230769 0.16346153846153846 0.16346153846153846
1 0.3798076923076923 0.9266826923076923 0.16826923076923078 0.14182692307692307
1 0.6274038461538461 0.17427884615384615 0.1658653846153846 0.1875
1 0.8028846153846154 0.7079326923076923 0.1658653846153846 0.18990384615384615
1 0.2800480769230769 0.6802884615384616 0.17307692307692307 0.22596153846153846
1 0.3329326923076923 0.12860576923076922 0.18990384615384615 0.22355769230769232
1 0.5829326923076923 0.34375 0.1201923076923077 0.15384615384615385
2 0.9038461538461539 0.47115384615384615 0.1875 0.25961538461538464
0 0.13221153846153846 0.3545673076923077 0.04326923076923077 0.057692307692307696