2 0.7379807692307693 0.6081730769230769 0.3004807692307692 0.24278846153846154
1 0.4423076923076923 0.6814903846153846 0.2644230769230769 0.17067307692307693
1 0.17427884615384615 0.9254807692307693 0.27163461538461536 0.14423076923076922
1 0.3173076923076923 0.7944711538461539 0.2403846153846154 0.17307692307692307
1 0.4567307692307692 0.8725961538461539 0.2403846153846154 0.17067307692307693
1 0.5985576923076923 0.8064903846153846 0.2403846153846154 0.17307692307692307
1 0.6550480769230769 0.8870192307692307 0.2403846153846154 0.17067307692307693
1 0.8257211538461539 0.9278846153846154 0.21875 0.13942307692307693
1 0.9170673076923077 0.47115384615384615 0.16105769230769232 0.16826923076923078
1 0.7680288461538461 0.3269230769230769 0.21634615384615385 0.17067307692307693
1 0.7608173076923077 0.2283653846153846 0.23076923076923078 0.125
1 0.7091346153846154 0.1622596153846154 0.2764423076923077 0.1875
1 0.6165865384615384 0.056490384615384616 0.23798076923076922 0.11057692307692307
1 0.9050480769230769 0.06370192307692307 0.1875 0.125
1 0.27884615384615385 0.1310096153846154 0.1875 0.1658653846153846
1 0.28725961538461536 0.29447115384615385 0.2644230769230769 0.2548076923076923
1 0.08413461538461539 0.45072115384615385 0.16826923076923078 0.16826923076923078
1 0.38461538461538464 0.5504807692307693 0.1875 0.1658653846153846
1 0.5769230769230769 0.4326923076923077 0.1875 0.1658653846153846
0 0.7475961538461539 0.7608173076923077 0.09615384615384616 0.057692307692307696
0 0.7800480769230769 0.8221153846153846 0.09615384615384616 0.057692307692307696
0 0.9110576923076923 0.7199519230769231 0.09615384615384616 0.057692307692307696
1 0.07211538461538461 0.7944711538461539 0.14423076923076922 0.19230769230769232