2 0.6117788461538461 0.7427884615384616 0.3581730769230769 0.5096153846153846
1 0.3870192307692308 0.6141826923076923 0.12259615384615384 0.21153846153846154
1 0.36899038461538464 0.8605769230769231 0.15384615384615385 0.25240384615384615
1 0.22355769230769232 0.7548076923076923 0.16346153846153846 0.1778846153846154
1 0.07451923076923077 0.8040865384615384 0.1466346153846154 0.21153846153846154
1 0.22956730769230768 0.921875 0.17548076923076922 0.15144230769230768
1 0.2620192307692308 0.12379807692307693 0.18269230769230768 0.21875
1 0.5012019230769231 0.0625 0.1778846153846154 0.1201923076923077
1 0.9002403846153846 0.078125 0.19471153846153846 0.15144230769230768
1 0.9266826923076923 0.30408653846153844 0.14182692307692307 0.23798076923076922
1 0.8389423076923077 0.7620192307692307 0.16826923076923078 0.23317307692307693
1 0.5348557692307693 0.46033653846153844 0.16826923076923078 0.23317307692307693
1 0.7836538461538461 0.2620192307692308 0.18509615384615385 0.19951923076923078
1 0.052884615384615384 0.5985576923076923 0.10096153846153846 0.21875
0 0.5120192307692307 0.1622596153846154 0.07692307692307693 0.08173076923076923
1 0.3245192307692308 0.4651442307692308 0.18269230769230768 0.21634615384615385