1 0.5012019230769231 0.8846153846153846 0.17307692307692307 0.22596153846153846
1 0.6754807692307693 0.8617788461538461 0.1778846153846154 0.2091346153846154
1 0.5216346153846154 0.2091346153846154 0.18509615384615385 0.22596153846153846
1 0.6947115384615384 0.12980769230769232 0.1971153846153846 0.2548076923076923
1 0.5300480769230769 0.6550480769230769 0.19230769230769232 0.21153846153846154
1 0.37740384615384615 0.07572115384615384 0.20192307692307693 0.1466346153846154
1 0.5877403846153846 0.4651442307692308 0.14182692307692307 0.23557692307692307
1 0.9170673076923077 0.09615384615384616 0.16105769230769232 0.1875
1 0.7235576923076923 0.3954326923076923 0.17548076923076922 0.24278846153846154
1 0.7572115384615384 0.6358173076923077 0.17307692307692307 0.21875
1 0.22355769230769232 0.18389423076923078 0.17307692307692307 0.24278846153846154
1 0.8894230769230769 0.36177884615384615 0.16105769230769232 0.22596153846153846
1 0.8894230769230769 0.8413461538461539 0.19471153846153846 0.19230769230769232
1 0.040865384615384616 0.2860576923076923 0.07692307692307693 0.25
2 0.15745192307692307 0.6983173076923077 0.31009615384615385 0.4831730769230769
0 0.5072115384615384 0.4639423076923077 0.057692307692307696 0.09615384615384616