2 0.6838942307692307 0.2848557692307692 0.3125 0.28846153846153844
0 0.19951923076923078 0.7620192307692307 0.07692307692307693 0.057692307692307696
0 0.07091346153846154 0.7223557692307693 0.10576923076923077 0.08413461538461539
0 0.9399038461538461 0.28725961538461536 0.07692307692307693 0.057692307692307696
1 0.6658653846153846 0.9074519230769231 0.22596153846153846 0.18269230769230768
1 0.4182692307692308 0.42427884615384615 0.22355769230769232 0.18990384615384615
1 0.34975961538461536 0.484375 0.22355769230769232 0.18990384615384615
1 0.38461538461538464 0.5853365384615384 0.22355769230769232 0.18990384615384615
1 0.3737980769230769 0.6586538461538461 0.22355769230769232 0.18990384615384615
1 0.421875 0.7271634615384616 0.22355769230769232 0.18990384615384615
1 0.43990384615384615 0.7884615384615384 0.22355769230769232 0.18990384615384615
1 0.38822115384615385 0.8990384615384616 0.22355769230769232 0.18990384615384615
1 0.10576923076923077 0.27163461538461536 0.21153846153846154 0.19230769230769232
1 0.10576923076923077 0.4375 0.21153846153846154 0.19230769230769232
1 0.15384615384615385 0.5564903846153846 0.22355769230769232 0.18990384615384615
1 0.5120192307692307 0.078125 0.27884615384615385 0.15625
1 0.9146634615384616 0.6634615384615384 0.1658653846153846 0.19471153846153846