1 0.3425480769230769 0.5324519230769231 0.17307692307692307 0.24519230769230768
1 0.3233173076923077 0.8894230769230769 0.17067307692307693 0.21634615384615385
1 0.5252403846153846 0.5384615384615384 0.1971153846153846 0.2932692307692308
1 0.15865384615384615 0.5144230769230769 0.16346153846153846 0.20432692307692307
1 0.21394230769230768 0.7307692307692307 0.1466346153846154 0.20673076923076922
1 0.6911057692307693 0.8665865384615384 0.15865384615384615 0.1971153846153846
1 0.8305288461538461 0.35697115384615385 0.18509615384615385 0.18509615384615385
1 0.6634615384615384 0.4362980769230769 0.14182692307692307 0.1658653846153846
1 0.6550480769230769 0.29447115384615385 0.14423076923076922 0.2403846153846154
1 0.04567307692307692 0.4483173076923077 0.0889423076923077 0.2956730769230769
1 0.7644230769230769 0.6430288461538461 0.18269230769230768 0.2668269230769231
2 0.44591346153846156 0.23317307692307693 0.34375 0.4375