2 0.6081730769230769 0.7512019230769231 0.36538461538461536 0.49278846153846156
1 0.3786057692307692 0.6334134615384616 0.125 0.21634615384615385
1 0.359375 0.8762019230769231 0.16105769230769232 0.24278846153846154
1 0.21153846153846154 0.7776442307692307 0.16826923076923078 0.18269230769230768
1 0.0673076923076923 0.8293269230769231 0.12980769230769232 0.22115384615384615
1 0.21634615384615385 0.9362980769230769 0.1778846153846154 0.12259615384615384
1 0.2512019230769231 0.12740384615384615 0.1875 0.22596153846153846
1 0.4963942307692308 0.06490384615384616 0.18269230769230768 0.125
1 0.9014423076923077 0.08173076923076923 0.19230769230769232 0.15865384615384615
1 0.9290865384615384 0.3137019230769231 0.13701923076923078 0.24278846153846154
1 0.8425480769230769 0.7860576923076923 0.17307692307692307 0.2403846153846154
1 0.53125 0.47475961538461536 0.17307692307692307 0.2403846153846154
1 0.7860576923076923 0.2704326923076923 0.18990384615384615 0.20432692307692307
1 0.04447115384615385 0.6177884615384616 0.08653846153846154 0.22596153846153846
0 0.5072115384615384 0.16706730769230768 0.07692307692307693 0.08173076923076923
1 0.31490384615384615 0.4795673076923077 0.1875 0.22596153846153846