2 0.5913461538461539 0.7355769230769231 0.2403846153846154 0.2980769230769231
1 0.6646634615384616 0.4423076923076923 0.16826923076923078 0.2644230769230769
1 0.9158653846153846 0.17668269230769232 0.16346153846153846 0.27163461538461536
1 0.7776442307692307 0.31971153846153844 0.17067307692307693 0.23798076923076922
1 0.8545673076923077 0.4579326923076923 0.16826923076923078 0.23798076923076922
1 0.7884615384615384 0.5973557692307693 0.17067307692307693 0.23798076923076922
1 0.8689903846153846 0.6526442307692307 0.16826923076923078 0.23798076923076922
1 0.9182692307692307 0.8221153846153846 0.15865384615384615 0.21634615384615385
1 0.45552884615384615 0.9158653846153846 0.1658653846153846 0.16346153846153846
1 0.3112980769230769 0.765625 0.16826923076923078 0.21153846153846154
1 0.21394230769230768 0.7584134615384616 0.125 0.22596153846153846
1 0.14903846153846154 0.7079326923076923 0.18509615384615385 0.27403846153846156
1 0.05048076923076923 0.6153846153846154 0.09615384615384616 0.23557692307692307
1 0.056490384615384616 0.9026442307692307 0.11057692307692307 0.18990384615384615
1 0.11778846153846154 0.28125 0.16346153846153846 0.1875
1 0.2800480769230769 0.28966346153846156 0.2548076923076923 0.2644230769230769
1 0.43509615384615385 0.08533653846153846 0.1658653846153846 0.17067307692307693
1 0.5348557692307693 0.38461538461538464 0.16346153846153846 0.1875
1 0.4182692307692308 0.5769230769230769 0.16346153846153846 0.1875
0 0.7427884615384616 0.7451923076923077 0.057692307692307696 0.09615384615384616
0 0.8040865384615384 0.7776442307692307 0.057692307692307696 0.09615384615384616
0 0.703125 0.9074519230769231 0.057692307692307696 0.09615384615384616
1 0.7776442307692307 0.0733173076923077 0.18990384615384615 0.1466346153846154