1 0.484375 0.7716346153846154 0.19230769230769232 0.15865384615384615
1 0.5240384615384616 0.6550480769230769 0.19230769230769232 0.15865384615384615
1 0.27884615384615385 0.15745192307692307 0.21153846153846154 0.15865384615384615
1 0.6129807692307693 0.08052884615384616 0.21153846153846154 0.15865384615384615
1 0.10216346153846154 0.20432692307692307 0.20192307692307693 0.1875
1 0.7007211538461539 0.41225961538461536 0.20673076923076922 0.18269230769230768
1 0.1622596153846154 0.054086538461538464 0.2692307692307692 0.10576923076923077
2 0.21514423076923078 0.6875 0.4254807692307692 0.3894230769230769
0 0.5841346153846154 0.4567307692307692 0.0673076923076923 0.06490384615384616
0 0.5168269230769231 0.43990384615384615 0.08653846153846154 0.055288461538461536
0 0.5240384615384616 0.390625 0.07451923076923077 0.057692307692307696
0 0.35216346153846156 0.5480769230769231 0.07211538461538461 0.0625