1 0.6081730769230769 0.5492788461538461 0.20192307692307693 0.12980769230769232
1 0.4110576923076923 0.8834134615384616 0.21153846153846154 0.21153846153846154
1 0.5961538461538461 0.6754807692307693 0.24519230769230768 0.17307692307692307
1 0.4375 0.3389423076923077 0.3076923076923077 0.21875
1 0.27163461538461536 0.10697115384615384 0.21634615384615385 0.11057692307692307
1 0.7884615384615384 0.8389423076923077 0.21634615384615385 0.11298076923076923
1 0.18389423076923078 0.9326923076923077 0.21153846153846154 0.1201923076923077
1 0.05048076923076923 0.09375 0.09615384615384616 0.1778846153846154
1 0.2692307692307692 0.4230769230769231 0.19951923076923078 0.17548076923076922
2 0.17908653846153846 0.6442307692307693 0.34615384615384615 0.3245192307692308
0 0.028846153846153848 0.27163461538461536 0.052884615384615384 0.052884615384615384
1 0.7908653846153846 0.6983173076923077 0.21153846153846154 0.15865384615384615