1 0.2764423076923077 0.10216346153846154 0.1971153846153846 0.19951923076923078
1 0.3076923076923077 0.9170673076923077 0.18509615384615385 0.16346153846153846
1 0.9278846153846154 0.6153846153846154 0.13942307692307693 0.22355769230769232
1 0.09375 0.3076923076923077 0.18269230769230768 0.1778846153846154
1 0.38221153846153844 0.3786057692307692 0.19230769230769232 0.20432692307692307
1 0.19471153846153846 0.7788461538461539 0.19230769230769232 0.20432692307692307
1 0.47836538461538464 0.7487980769230769 0.18028846153846154 0.21634615384615385
1 0.8689903846153846 0.1658653846153846 0.1875 0.24759615384615385
1 0.9290865384615384 0.33052884615384615 0.13942307692307693 0.20432692307692307
0 0.43990384615384615 0.22115384615384615 0.057692307692307696 0.07692307692307693
2 0.7043269230769231 0.7415865384615384 0.3269230769230769 0.38221153846153844