1 0.24278846153846154 0.2692307692307692 0.27884615384615385 0.19951923076923078
1 0.35216346153846156 0.6826923076923077 0.27884615384615385 0.22115384615384615
1 0.5048076923076923 0.9122596153846154 0.20192307692307693 0.17067307692307693
1 0.09975961538461539 0.9399038461538461 0.19951923076923078 0.11538461538461539
1 0.8665865384615384 0.7199519230769231 0.2403846153846154 0.20192307692307693
1 0.6310096153846154 0.7524038461538461 0.2403846153846154 0.20192307692307693
1 0.07692307692307693 0.47716346153846156 0.14903846153846154 0.1875
1 0.9014423076923077 0.06971153846153846 0.18509615384615385 0.1346153846153846
1 0.8497596153846154 0.33413461538461536 0.25 0.21634615384615385
1 0.8930288461538461 0.5108173076923077 0.2091346153846154 0.18990384615384615
1 0.30528846153846156 0.40625 0.23557692307692307 0.18269230769230768
2 0.5913461538461539 0.49158653846153844 0.4519230769230769 0.375