1 0.2283653846153846 0.4963942307692308 0.25 0.1875
1 0.171875 0.7475961538461539 0.25 0.23317307692307693
1 0.8329326923076923 0.49278846153846156 0.20673076923076922 0.19230769230769232
1 0.9326923076923077 0.04326923076923077 0.12980769230769232 0.08653846153846154
1 0.9014423076923077 0.20552884615384615 0.19230769230769232 0.18509615384615385
1 0.6550480769230769 0.04807692307692308 0.30528846153846156 0.09375
1 0.31009615384615385 0.20192307692307693 0.30288461538461536 0.14423076923076922
1 0.6334134615384616 0.2932692307692308 0.30288461538461536 0.14423076923076922
1 0.7584134615384616 0.9098557692307693 0.29086538461538464 0.17548076923076922
1 0.31490384615384615 0.06850961538461539 0.2548076923076923 0.1346153846153846
2 0.8689903846153846 0.7319711538461539 0.25721153846153844 0.23317307692307693
0 0.7067307692307693 0.4543269230769231 0.09134615384615384 0.07692307692307693
0 0.5384615384615384 0.390625 0.09134615384615384 0.07692307692307693
1 0.44350961538461536 0.8125 0.25 0.1875