1 0.35096153846153844 0.5961538461538461 0.18509615384615385 0.21153846153846154
1 0.14182692307692307 0.5288461538461539 0.18990384615384615 0.25
1 0.28846153846153844 0.8173076923076923 0.15865384615384615 0.21394230769230768
1 0.15625 0.7415865384615384 0.15865384615384615 0.21394230769230768
1 0.9362980769230769 0.42908653846153844 0.125 0.20673076923076922
1 0.7728365384615384 0.3088942307692308 0.14903846153846154 0.1971153846153846
1 0.4879807692307692 0.11658653846153846 0.1875 0.2283653846153846
1 0.20793269230769232 0.2091346153846154 0.19230769230769232 0.24759615384615385
1 0.296875 0.3954326923076923 0.12740384615384615 0.16826923076923078
1 0.9387019230769231 0.8990384615384616 0.1201923076923077 0.1971153846153846
2 0.7992788461538461 0.6514423076923077 0.3004807692307692 0.3701923076923077