0 0.44591346153846156 0.1658653846153846 0.08653846153846154 0.07211538461538461
2 0.47836538461538464 0.5733173076923077 0.3293269230769231 0.25
1 0.7103365384615384 0.6634615384615384 0.23076923076923078 0.23557692307692307
1 0.41225961538461536 0.7944711538461539 0.22596153846153846 0.16826923076923078
1 0.23076923076923078 0.9266826923076923 0.23557692307692307 0.14182692307692307
1 0.12860576923076922 0.9266826923076923 0.23317307692307693 0.14182692307692307
1 0.06009615384615385 0.8401442307692307 0.1201923076923077 0.16105769230769232
1 0.21514423076923078 0.5973557692307693 0.14423076923076922 0.17548076923076922
1 0.6682692307692307 0.28846153846153844 0.2403846153846154 0.16105769230769232
1 0.8918269230769231 0.6334134615384616 0.21153846153846154 0.16105769230769232
1 0.6394230769230769 0.8822115384615384 0.2403846153846154 0.16105769230769232
1 0.13221153846153846 0.28725961538461536 0.22115384615384615 0.1875
1 0.3088942307692308 0.054086538461538464 0.22596153846153846 0.10336538461538461
1 0.7608173076923077 0.08774038461538461 0.22115384615384615 0.17307692307692307
1 0.9254807692307693 0.06850961538461539 0.14423076923076922 0.1346153846153846
1 0.8629807692307693 0.3269230769230769 0.2403846153846154 0.16105769230769232
1 0.9399038461538461 0.1935096153846154 0.11538461538461539 0.14423076923076922