1 0.49038461538461536 0.6322115384615384 0.1778846153846154 0.17548076923076922
1 0.6394230769230769 0.4675480769230769 0.1778846153846154 0.17548076923076922
1 0.4579326923076923 0.4567307692307692 0.20432692307692307 0.1658653846153846
1 0.08774038461538461 0.44591346153846156 0.17307692307692307 0.16826923076923078
1 0.10697115384615384 0.2439903846153846 0.21153846153846154 0.17307692307692307
1 0.22115384615384615 0.5625 0.21634615384615385 0.18509615384615385
1 0.1502403846153846 0.8798076923076923 0.21153846153846154 0.18269230769230768
1 0.6983173076923077 0.08653846153846154 0.20432692307692307 0.1658653846153846
1 0.8677884615384616 0.4110576923076923 0.20432692307692307 0.1658653846153846
1 0.2956730769230769 0.8629807692307693 0.20432692307692307 0.1658653846153846
1 0.06490384615384616 0.7560096153846154 0.12980769230769232 0.11057692307692307
1 0.921875 0.07932692307692307 0.15144230769230768 0.12980769230769232
1 0.6658653846153846 0.29927884615384615 0.17307692307692307 0.13701923076923078
1 0.8798076923076923 0.2704326923076923 0.16346153846153846 0.11778846153846154
2 0.8449519230769231 0.5925480769230769 0.24519230769230768 0.2403846153846154
0 0.671875 0.5985576923076923 0.09615384615384616 0.0673076923076923
0 0.21754807692307693 0.42427884615384615 0.09615384615384616 0.0673076923076923