1 0.3137019230769231 0.5877403846153846 0.2668269230769231 0.2091346153846154
1 0.38341346153846156 0.18990384615384615 0.18269230769230768 0.1346153846153846
1 0.3004807692307692 0.33533653846153844 0.19230769230769232 0.16826923076923078
1 0.6033653846153846 0.3161057692307692 0.16826923076923078 0.15384615384615385
1 0.5396634615384616 0.48677884615384615 0.1875 0.17307692307692307
1 0.7512019230769231 0.6502403846153846 0.1971153846153846 0.1466346153846154
1 0.7908653846153846 0.8269230769230769 0.23557692307692307 0.17307692307692307
1 0.8617788461538461 0.46634615384615385 0.21634615384615385 0.1875
1 0.7884615384615384 0.20673076923076922 0.2283653846153846 0.1778846153846154
1 0.32211538461538464 0.8112980769230769 0.19471153846153846 0.15865384615384615
1 0.5372596153846154 0.8653846153846154 0.24519230769230768 0.17307692307692307
1 0.1201923076923077 0.44350961538461536 0.22596153846153846 0.17307692307692307
2 0.1658653846153846 0.18870192307692307 0.3269230769230769 0.375