1 0.6742788461538461 0.3233173076923077 0.18509615384615385 0.2403846153846154
1 0.3485576923076923 0.37740384615384615 0.18269230769230768 0.15144230769230768
1 0.30528846153846156 0.6298076923076923 0.18509615384615385 0.15865384615384615
1 0.41586538461538464 0.5180288461538461 0.18509615384615385 0.15865384615384615
1 0.29927884615384615 0.2704326923076923 0.23798076923076922 0.15625
1 0.5096153846153846 0.6971153846153846 0.21634615384615385 0.15625
1 0.8389423076923077 0.43509615384615385 0.18509615384615385 0.15865384615384615
1 0.8858173076923077 0.32572115384615385 0.18509615384615385 0.15865384615384615
1 0.7980769230769231 0.1875 0.23557692307692307 0.16346153846153846
1 0.5060096153846154 0.9242788461538461 0.19471153846153846 0.1466346153846154
1 0.8990384615384616 0.9423076923076923 0.20192307692307693 0.11057692307692307
1 0.1141826923076923 0.9098557692307693 0.16346153846153846 0.16346153846153846
1 0.5745192307692307 0.054086538461538464 0.18269230769230768 0.10576923076923077
1 0.24759615384615385 0.054086538461538464 0.18269230769230768 0.10576923076923077
1 0.0673076923076923 0.15504807692307693 0.12980769230769232 0.15865384615384615
1 0.6550480769230769 0.7620192307692307 0.22355769230769232 0.16105769230769232
2 0.8978365384615384 0.6694711538461539 0.19951923076923078 0.23798076923076922
0 0.5985576923076923 0.9086538461538461 0.055288461538461536 0.04567307692307692