1 0.25841346153846156 0.6550480769230769 0.18509615384615385 0.24519230769230768
1 0.13581730769230768 0.8353365384615384 0.16346153846153846 0.24278846153846154
1 0.4014423076923077 0.7451923076923077 0.11298076923076923 0.21875
1 0.4014423076923077 0.5084134615384616 0.18269230769230768 0.23798076923076922
1 0.3701923076923077 0.2932692307692308 0.15865384615384615 0.21394230769230768
1 0.5564903846153846 0.3629807692307692 0.18028846153846154 0.22596153846153846
1 0.8978365384615384 0.125 0.20192307692307693 0.24519230769230768
1 0.0985576923076923 0.40024038461538464 0.16346153846153846 0.22596153846153846
1 0.14903846153846154 0.2439903846153846 0.19951923076923078 0.27163461538461536
1 0.5745192307692307 0.6009615384615384 0.17307692307692307 0.21875
1 0.8257211538461539 0.8209134615384616 0.21634615384615385 0.18269230769230768
1 0.5745192307692307 0.9098557692307693 0.1875 0.17548076923076922
1 0.4206730769230769 0.9146634615384616 0.15865384615384615 0.1658653846153846
1 0.6778846153846154 0.11658653846153846 0.19471153846153846 0.23076923076923078
0 0.2439903846153846 0.27403846153846156 0.052884615384615384 0.0625
0 0.3389423076923077 0.10697115384615384 0.06971153846153846 0.0889423076923077
2 0.7884615384615384 0.49038461538461536 0.3894230769230769 0.5600961538461539