1 0.546875 0.890625 0.21153846153846154 0.14903846153846154
1 0.7079326923076923 0.7692307692307693 0.23557692307692307 0.19951923076923078
1 0.25600961538461536 0.8774038461538461 0.2403846153846154 0.17548076923076922
1 0.3701923076923077 0.484375 0.23798076923076922 0.19230769230769232
1 0.671875 0.17067307692307693 0.23557692307692307 0.1778846153846154
1 0.3449519230769231 0.6935096153846154 0.23557692307692307 0.20192307692307693
1 0.6454326923076923 0.4266826923076923 0.19230769230769232 0.1466346153846154
1 0.7451923076923077 0.3317307692307692 0.19230769230769232 0.1466346153846154
1 0.9146634615384616 0.07091346153846154 0.1658653846153846 0.13701923076923078
1 0.4338942307692308 0.0985576923076923 0.1778846153846154 0.16826923076923078
1 0.3401442307692308 0.08774038461538461 0.22355769230769232 0.17067307692307693
1 0.5709134615384616 0.6322115384615384 0.33653846153846156 0.17067307692307693
1 0.921875 0.7896634615384616 0.15384615384615385 0.20192307692307693
1 0.7752403846153846 0.4182692307692308 0.16826923076923078 0.13221153846153846
0 0.12860576923076922 0.6826923076923077 0.07692307692307693 0.06971153846153846
0 0.5228365384615384 0.5564903846153846 0.08173076923076923 0.0673076923076923
0 0.5997596153846154 0.30288461538461536 0.10096153846153846 0.052884615384615384
0 0.9399038461538461 0.14903846153846154 0.07692307692307693 0.06971153846153846
2 0.19471153846153846 0.296875 0.38461538461538464 0.36538461538461536