2 0.6935096153846154 0.6274038461538461 0.30288461538461536 0.36538461538461536
1 0.8834134615384616 0.546875 0.13701923076923078 0.2644230769230769
1 0.27283653846153844 0.21634615384615385 0.1658653846153846 0.24759615384615385
1 0.0889423076923077 0.18028846153846154 0.1658653846153846 0.24759615384615385
1 0.19110576923076922 0.14543269230769232 0.1658653846153846 0.24759615384615385
1 0.5576923076923077 0.08173076923076923 0.1875 0.15865384615384615
1 0.7091346153846154 0.08173076923076923 0.1875 0.15865384615384615
1 0.7223557692307693 0.14182692307692307 0.1875 0.1778846153846154
1 0.3329326923076923 0.5961538461538461 0.1658653846153846 0.20192307692307693
1 0.140625 0.4963942307692308 0.1658653846153846 0.20192307692307693
1 0.4326923076923077 0.4639423076923077 0.21153846153846154 0.24519230769230768
1 0.09254807692307693 0.8149038461538461 0.1346153846153846 0.20192307692307693
1 0.9615384615384616 0.6117788461538461 0.07211538461538461 0.29086538461538464
1 0.7548076923076923 0.9074519230769231 0.24519230769230768 0.18028846153846154
1 0.5757211538461539 0.3870192307692308 0.13942307692307693 0.18269230769230768
1 0.6682692307692307 0.3076923076923077 0.17067307692307693 0.1971153846153846
1 0.4182692307692308 0.6322115384615384 0.1658653846153846 0.20192307692307693