1 0.6189903846153846 0.24278846153846154 0.2091346153846154 0.17307692307692307
1 0.5432692307692307 0.5144230769230769 0.20432692307692307 0.2403846153846154
1 0.7776442307692307 0.6754807692307693 0.13942307692307693 0.17548076923076922
1 0.7536057692307693 0.3786057692307692 0.14903846153846154 0.25721153846153844
1 0.9074519230769231 0.5817307692307693 0.16826923076923078 0.21394230769230768
1 0.9002403846153846 0.3918269230769231 0.1875 0.19951923076923078
1 0.41586538461538464 0.45072115384615385 0.1875 0.19951923076923078
1 0.2848557692307692 0.4326923076923077 0.20432692307692307 0.21875
1 0.6382211538461539 0.06850961538461539 0.19951923076923078 0.12980769230769232
0 0.23197115384615385 0.12980769230769232 0.057692307692307696 0.07451923076923077
0 0.33413461538461536 0.042067307692307696 0.08413461538461539 0.07451923076923077
0 0.08173076923076923 0.17067307692307693 0.08653846153846154 0.12259615384615384
0 0.19831730769230768 0.055288461538461536 0.08653846153846154 0.10096153846153846
0 0.28725961538461536 0.8737980769230769 0.08413461538461539 0.08173076923076923
0 0.8581730769230769 0.8461538461538461 0.05048076923076923 0.0625
2 0.8822115384615384 0.15985576923076922 0.21634615384615385 0.3173076923076923