1 0.7920673076923077 0.07932692307692307 0.21634615384615385 0.15865384615384615
1 0.5757211538461539 0.07692307692307693 0.2091346153846154 0.14903846153846154
1 0.37259615384615385 0.18509615384615385 0.2283653846153846 0.18509615384615385
1 0.21153846153846154 0.08413461538461539 0.22115384615384615 0.16346153846153846
1 0.17548076923076922 0.28125 0.1875 0.18990384615384615
1 0.17307692307692307 0.4362980769230769 0.21153846153846154 0.19471153846153846
1 0.1502403846153846 0.6286057692307693 0.24519230769230768 0.1778846153846154
1 0.16947115384615385 0.7596153846153846 0.1875 0.17067307692307693
1 0.38100961538461536 0.7752403846153846 0.2403846153846154 0.16826923076923078
1 0.49038461538461536 0.8653846153846154 0.17307692307692307 0.20673076923076922
1 0.6778846153846154 0.8305288461538461 0.18269230769230768 0.20673076923076922
1 0.8413461538461539 0.5673076923076923 0.21634615384615385 0.18509615384615385
1 0.8930288461538461 0.8401442307692307 0.2091346153846154 0.19471153846153846
1 0.71875 0.3245192307692308 0.2980769230769231 0.20192307692307693
2 0.5252403846153846 0.5240384615384616 0.49038461538461536 0.37740384615384615