2 0.42788461538461536 0.7307692307692307 0.4014423076923077 0.3269230769230769
2 0.12379807692307693 0.6262019230769231 0.24278846153846154 0.25
0 0.23557692307692307 0.8930288461538461 0.09615384615384616 0.0625
0 0.7956730769230769 0.09615384615384616 0.09615384615384616 0.0625
1 0.5853365384615384 0.30288461538461536 0.31490384615384615 0.22355769230769232
1 0.23317307692307693 0.23197115384615385 0.2644230769230769 0.18269230769230768
1 0.1466346153846154 0.07932692307692307 0.2644230769230769 0.15865384615384615
1 0.06129807692307692 0.17668269230769232 0.11538461538461539 0.19230769230769232
1 0.9050480769230769 0.9242788461538461 0.18509615384615385 0.1466346153846154
1 0.8725961538461539 0.8653846153846154 0.25 0.14182692307692307
1 0.8341346153846154 0.8112980769230769 0.25 0.14423076923076922
1 0.7896634615384616 0.7391826923076923 0.25 0.14423076923076922
1 0.7223557692307693 0.6526442307692307 0.25 0.14423076923076922
1 0.27524038461538464 0.9555288461538461 0.25240384615384615 0.08413461538461539
1 0.12259615384615384 0.9699519230769231 0.2403846153846154 0.057692307692307696
1 0.8665865384615384 0.21033653846153846 0.23557692307692307 0.125
1 0.8689903846153846 0.28846153846153844 0.23557692307692307 0.13942307692307693
1 0.8798076923076923 0.5264423076923077 0.23557692307692307 0.16346153846153846
1 0.265625 0.421875 0.2644230769230769 0.19230769230769232