2 0.6923076923076923 0.7103365384615384 0.3173076923076923 0.2932692307692308
0 0.203125 0.22956730769230768 0.07692307692307693 0.057692307692307696
0 0.07211538461538461 0.26802884615384615 0.10576923076923077 0.08653846153846154
0 0.953125 0.7079326923076923 0.07692307692307693 0.057692307692307696
1 0.6742788461538461 0.08774038461538461 0.2283653846153846 0.17307692307692307
1 0.4230769230769231 0.5697115384615384 0.22596153846153846 0.19230769230769232
1 0.3545673076923077 0.5084134615384616 0.22596153846153846 0.19230769230769232
1 0.3894230769230769 0.4074519230769231 0.22596153846153846 0.19230769230769232
1 0.3786057692307692 0.3329326923076923 0.22596153846153846 0.19230769230769232
1 0.42788461538461536 0.26322115384615385 0.22596153846153846 0.19230769230769232
1 0.44471153846153844 0.20192307692307693 0.22596153846153846 0.19230769230769232
1 0.3942307692307692 0.09495192307692307 0.2283653846153846 0.18509615384615385
1 0.10817307692307693 0.7247596153846154 0.21153846153846154 0.19471153846153846
1 0.10817307692307693 0.5564903846153846 0.21153846153846154 0.19471153846153846
1 0.15625 0.4362980769230769 0.22596153846153846 0.19230769230769232
1 0.5168269230769231 0.9182692307692307 0.28846153846153844 0.15865384615384615
1 0.9206730769230769 0.328125 0.15384615384615385 0.19471153846153846