1 0.875 0.18389423076923078 0.1875 0.20192307692307693
1 0.71875 0.22716346153846154 0.18990384615384615 0.22115384615384615
1 0.5913461538461539 0.6045673076923077 0.18990384615384615 0.22115384615384615
1 0.8798076923076923 0.6286057692307693 0.16826923076923078 0.19951923076923078
1 0.9567307692307693 0.46274038461538464 0.08173076923076923 0.2668269230769231
1 0.7704326923076923 0.49278846153846156 0.19230769230769232 0.25961538461538464
1 0.1622596153846154 0.8882211538461539 0.19230769230769232 0.22115384615384615
1 0.2283653846153846 0.10576923076923077 0.18269230769230768 0.21153846153846154
1 0.5168269230769231 0.890625 0.20673076923076922 0.21634615384615385
1 0.8040865384615384 0.8762019230769231 0.2091346153846154 0.2403846153846154
2 0.3112980769230769 0.38100961538461536 0.3870192307692308 0.49278846153846156
0 0.5877403846153846 0.3329326923076923 0.057692307692307696 0.06971153846153846