1 0.07692307692307693 0.7548076923076923 0.14903846153846154 0.21153846153846154
1 0.04326923076923077 0.5192307692307693 0.08653846153846154 0.2932692307692308
1 0.5745192307692307 0.3473557692307692 0.20673076923076922 0.25
1 0.6995192307692307 0.6165865384615384 0.16826923076923078 0.23798076923076922
1 0.33533653846153844 0.7235576923076923 0.1658653846153846 0.25721153846153844
1 0.9122596153846154 0.4795673076923077 0.17307692307692307 0.24519230769230768
1 0.5745192307692307 0.07211538461538461 0.17548076923076922 0.14423076923076922
1 0.20192307692307693 0.2439903846153846 0.22115384615384615 0.21634615384615385
1 0.15625 0.4230769230769231 0.2091346153846154 0.2860576923076923
1 0.5276442307692307 0.7475961538461539 0.20673076923076922 0.22115384615384615
1 0.35096153846153844 0.06370192307692307 0.21153846153846154 0.12259615384615384
0 0.3389423076923077 0.921875 0.06490384615384616 0.0985576923076923
0 0.44711538461538464 0.13341346153846154 0.0625 0.09134615384615384
2 0.7584134615384616 0.15384615384615385 0.2668269230769231 0.30288461538461536