2 0.5264423076923077 0.6899038461538461 0.27403846153846156 0.25961538461538464
1 0.20793269230769232 0.8329326923076923 0.27884615384615385 0.13942307692307693
1 0.6850961538461539 0.5516826923076923 0.20673076923076922 0.15144230769230768
1 0.7596153846153846 0.3605769230769231 0.20673076923076922 0.15144230769230768
1 0.515625 0.06610576923076923 0.27403846153846156 0.12980769230769232
1 0.28846153846153844 0.06610576923076923 0.27403846153846156 0.12980769230769232
1 0.0985576923076923 0.051682692307692304 0.1971153846153846 0.10096153846153846
1 0.08052884615384616 0.6754807692307693 0.16105769230769232 0.1778846153846154
1 0.0733173076923077 0.4879807692307692 0.14423076923076922 0.2403846153846154
1 0.38822115384615385 0.43149038461538464 0.18028846153846154 0.17548076923076922
1 0.8930288461538461 0.7199519230769231 0.21153846153846154 0.2668269230769231
0 0.4014423076923077 0.32211538461538464 0.07692307692307693 0.08173076923076923
0 0.6262019230769231 0.9771634615384616 0.0889423076923077 0.040865384615384616
1 0.5925480769230769 0.20673076923076922 0.27403846153846156 0.1778846153846154
1 0.8245192307692307 0.2704326923076923 0.20673076923076922 0.15144230769230768
1 0.9002403846153846 0.18028846153846154 0.19471153846153846 0.16346153846153846