1 0.49399038461538464 0.0985576923076923 0.21875 0.19230769230769232
1 0.26322115384615385 0.6514423076923077 0.1875 0.1971153846153846
1 0.0673076923076923 0.5552884615384616 0.12980769230769232 0.19951923076923078
1 0.4651442307692308 0.5060096153846154 0.14423076923076922 0.20192307692307693
1 0.6670673076923077 0.09735576923076923 0.13942307692307693 0.19230769230769232
1 0.5865384615384616 0.31009615384615385 0.13221153846153846 0.1778846153846154
1 0.8689903846153846 0.9050480769230769 0.1875 0.1875
1 0.7524038461538461 0.41586538461538464 0.14903846153846154 0.18028846153846154
1 0.0733173076923077 0.3641826923076923 0.14423076923076922 0.18269230769230768
1 0.06009615384615385 0.17548076923076922 0.11538461538461539 0.18269230769230768
1 0.36538461538461536 0.5036057692307693 0.125 0.15865384615384615
2 0.5576923076923077 0.7668269230769231 0.22355769230769232 0.2692307692307692
0 0.5649038461538461 0.5661057692307693 0.04807692307692308 0.0625
0 0.171875 0.5120192307692307 0.04807692307692308 0.0625