1 0.7295673076923077 0.20192307692307693 0.20192307692307693 0.13942307692307693
1 0.484375 0.5588942307692307 0.21634615384615385 0.18509615384615385
1 0.578125 0.9338942307692307 0.1971153846153846 0.12980769230769232
1 0.40384615384615385 0.8810096153846154 0.21634615384615385 0.16346153846153846
1 0.10576923076923077 0.8677884615384616 0.21153846153846154 0.16826923076923078
1 0.23317307692307693 0.7944711538461539 0.21153846153846154 0.16826923076923078
1 0.22596153846153846 0.9182692307692307 0.21634615384615385 0.16105769230769232
1 0.6081730769230769 0.7319711538461539 0.21634615384615385 0.18509615384615385
1 0.8918269230769231 0.5841346153846154 0.1971153846153846 0.13942307692307693
1 0.9170673076923077 0.8449519230769231 0.16346153846153846 0.14903846153846154
1 0.9170673076923077 0.7103365384615384 0.16346153846153846 0.14903846153846154
1 0.9170673076923077 0.078125 0.16346153846153846 0.14903846153846154
1 0.15625 0.29927884615384615 0.22355769230769232 0.12980769230769232
2 0.16826923076923078 0.10096153846153846 0.30288461538461536 0.1971153846153846
0 0.11177884615384616 0.5540865384615384 0.08413461538461539 0.07451923076923077