1 0.7391826923076923 0.7247596153846154 0.29086538461538464 0.21153846153846154
1 0.32211538461538464 0.8028846153846154 0.22115384615384615 0.20673076923076922
1 0.5336538461538461 0.2536057692307692 0.21153846153846154 0.19230769230769232
1 0.4951923076923077 0.5745192307692307 0.19951923076923078 0.1778846153846154
1 0.9314903846153846 0.6538461538461539 0.13221153846153846 0.22115384615384615
1 0.7872596153846154 0.22956730769230768 0.22596153846153846 0.16826923076923078
1 0.8605769230769231 0.9435096153846154 0.23557692307692307 0.11057692307692307
1 0.6694711538461539 0.8858173076923077 0.27163461538461536 0.16346153846153846
1 0.057692307692307696 0.9387019230769231 0.11057692307692307 0.11778846153846154
1 0.8966346153846154 0.36177884615384615 0.20192307692307693 0.15144230769230768
0 0.07692307692307693 0.18509615384615385 0.09615384615384616 0.08173076923076923
2 0.21754807692307693 0.5564903846153846 0.4326923076923077 0.4182692307692308