1 0.32091346153846156 0.13942307692307693 0.2692307692307692 0.1778846153846154
1 0.7896634615384616 0.5096153846153846 0.2692307692307692 0.1778846153846154
1 0.5733173076923077 0.31850961538461536 0.21634615384615385 0.22115384615384615
1 0.4495192307692308 0.7944711538461539 0.22115384615384615 0.15865384615384615
1 0.5949519230769231 0.8798076923076923 0.22115384615384615 0.15865384615384615
1 0.8521634615384616 0.7692307692307693 0.2860576923076923 0.16826923076923078
1 0.7391826923076923 0.07692307692307693 0.28125 0.14903846153846154
1 0.9098557692307693 0.15384615384615385 0.17548076923076922 0.1778846153846154
1 0.7788461538461539 0.9278846153846154 0.22115384615384615 0.13942307692307693
1 0.3473557692307692 0.9278846153846154 0.23557692307692307 0.14182692307692307
2 0.25721153846153844 0.484375 0.5096153846153846 0.37740384615384615
0 0.21153846153846154 0.2692307692307692 0.07932692307692307 0.06490384615384616
0 0.5913461538461539 0.10817307692307693 0.10336538461538461 0.08653846153846154