2 0.5841346153846154 0.78125 0.6009615384615384 0.36538461538461536
1 0.7800480769230769 0.20072115384615385 0.20673076923076922 0.21153846153846154
1 0.49038461538461536 0.3401442307692308 0.18269230769230768 0.15144230769230768
1 0.5348557692307693 0.44471153846153844 0.18269230769230768 0.15144230769230768
1 0.7596153846153846 0.5673076923076923 0.3173076923076923 0.15384615384615385
1 0.7644230769230769 0.4326923076923077 0.20192307692307693 0.14903846153846154
1 0.9002403846153846 0.4807692307692308 0.1971153846153846 0.15144230769230768
1 0.3137019230769231 0.203125 0.23076923076923078 0.18990384615384615
1 0.10096153846153846 0.2127403846153846 0.1971153846153846 0.19471153846153846
1 0.3161057692307692 0.5721153846153846 0.19230769230769232 0.18269230769230768
1 0.30649038461538464 0.42427884615384615 0.2644230769230769 0.21634615384615385
1 0.2824519230769231 0.8894230769230769 0.2548076923076923 0.19951923076923078
1 0.10096153846153846 0.90625 0.1971153846153846 0.18269230769230768
1 0.06850961538461539 0.4651442307692308 0.13221153846153846 0.17548076923076922
1 0.14302884615384615 0.6514423076923077 0.2403846153846154 0.21153846153846154
0 0.9038461538461539 0.25721153846153844 0.07211538461538461 0.06490384615384616
1 0.41225961538461536 0.171875 0.18269230769230768 0.15144230769230768
1 0.9098557692307693 0.7115384615384616 0.1778846153846154 0.15384615384615385