1 0.7247596153846154 0.42788461538461536 0.21153846153846154 0.1875
1 0.7848557692307693 0.5901442307692307 0.1971153846153846 0.14182692307692307
1 0.5745192307692307 0.6117788461538461 0.1971153846153846 0.14182692307692307
1 0.39903846153846156 0.7199519230769231 0.1971153846153846 0.14182692307692307
1 0.6646634615384616 0.33653846153846156 0.16826923076923078 0.125
1 0.09254807692307693 0.7776442307692307 0.18269230769230768 0.15625
1 0.09735576923076923 0.49278846153846156 0.18990384615384615 0.18269230769230768
1 0.09735576923076923 0.09975961538461539 0.18990384615384615 0.18269230769230768
1 0.7908653846153846 0.8617788461538461 0.20673076923076922 0.18028846153846154
1 0.9158653846153846 0.6899038461538461 0.16346153846153846 0.20673076923076922
1 0.18389423076923078 0.9278846153846154 0.21634615384615385 0.14182692307692307
1 0.4423076923076923 0.9447115384615384 0.27884615384615385 0.10576923076923077
1 0.6971153846153846 0.1502403846153846 0.2548076923076923 0.1778846153846154
1 0.2932692307692308 0.12379807692307693 0.2548076923076923 0.1778846153846154
2 0.37740384615384615 0.2764423076923077 0.27884615384615385 0.19951923076923078
0 0.5540865384615384 0.49399038461538464 0.08173076923076923 0.0673076923076923
0 0.4206730769230769 0.4110576923076923 0.08173076923076923 0.0673076923076923
1 0.41947115384615385 0.8028846153846154 0.1778846153846154 0.10096153846153846