2 0.5528846153846154 0.36778846153846156 0.2692307692307692 0.3581730769230769
1 0.4855769230769231 0.8786057692307693 0.25 0.23798076923076922
1 0.6129807692307693 0.640625 0.19230769230769232 0.2644230769230769
1 0.8737980769230769 0.7151442307692307 0.19230769230769232 0.2644230769230769
1 0.8028846153846154 0.5745192307692307 0.19230769230769232 0.2644230769230769
1 0.7680288461538461 0.41225961538461536 0.19230769230769232 0.2644230769230769
1 0.8629807692307693 0.36538461538461536 0.16346153846153846 0.22596153846153846
1 0.859375 0.24519230769230768 0.16346153846153846 0.22596153846153846
1 0.8209134615384616 0.13701923076923078 0.16346153846153846 0.22596153846153846
1 0.9314903846153846 0.23076923076923078 0.1346153846153846 0.2283653846153846
1 0.06009615384615385 0.8713942307692307 0.1201923076923077 0.25240384615384615
1 0.2127403846153846 0.8918269230769231 0.2091346153846154 0.21153846153846154
1 0.8064903846153846 0.8870192307692307 0.2283653846153846 0.22115384615384615
0 0.6814903846153846 0.9459134615384616 0.07932692307692307 0.10336538461538461
0 0.36658653846153844 0.06610576923076923 0.06971153846153846 0.07692307692307693
1 0.390625 0.6646634615384616 0.16346153846153846 0.2403846153846154
1 0.10576923076923077 0.5769230769230769 0.16346153846153846 0.2403846153846154
1 0.12980769230769232 0.0625 0.14903846153846154 0.1201923076923077
1 0.2644230769230769 0.0625 0.14903846153846154 0.1201923076923077
1 0.07451923076923077 0.10817307692307693 0.14903846153846154 0.19471153846153846