1 0.828125 0.5877403846153846 0.15384615384615385 0.20192307692307693
1 0.953125 0.5853365384615384 0.09134615384615384 0.24519230769230768
1 0.5817307692307693 0.5600961538461539 0.20192307692307693 0.23557692307692307
1 0.23557692307692307 0.18269230769230768 0.16826923076923078 0.19230769230769232
1 0.08052884615384616 0.14302884615384615 0.15865384615384615 0.23076923076923078
1 0.21875 0.43149038461538464 0.1658653846153846 0.23076923076923078
1 0.10096153846153846 0.6959134615384616 0.19951923076923078 0.24278846153846154
1 0.203125 0.8882211538461539 0.17067307692307693 0.21875
1 0.36538461538461536 0.5961538461538461 0.1658653846153846 0.23076923076923078
1 0.6586538461538461 0.19591346153846154 0.17307692307692307 0.2932692307692308
1 0.8305288461538461 0.2644230769230769 0.16346153846153846 0.22115384615384615
1 0.8149038461538461 0.4807692307692308 0.16346153846153846 0.22115384615384615
1 0.7283653846153846 0.8822115384615384 0.1201923076923077 0.19230769230769232
1 0.43509615384615385 0.8173076923076923 0.14903846153846154 0.19951923076923078
1 0.359375 0.9459134615384616 0.18028846153846154 0.10336538461538461
1 0.8846153846153846 0.7788461538461539 0.14903846153846154 0.19951923076923078
1 0.8173076923076923 0.12980769230769232 0.18269230769230768 0.1971153846153846
2 0.44711538461538464 0.1346153846153846 0.34615384615384615 0.2644230769230769