1 0.8834134615384616 0.31490384615384615 0.16105769230769232 0.25
1 0.9134615384615384 0.1045673076923077 0.16105769230769232 0.20432692307692307
1 0.7331730769230769 0.08173076923076923 0.19471153846153846 0.16105769230769232
1 0.47836538461538464 0.1310096153846154 0.18269230769230768 0.23557692307692307
1 0.33653846153846156 0.48677884615384615 0.18269230769230768 0.24519230769230768
1 0.7908653846153846 0.6682692307692307 0.15384615384615385 0.21634615384615385
1 0.9242788461538461 0.7800480769230769 0.14903846153846154 0.23557692307692307
1 0.6466346153846154 0.8149038461538461 0.15144230769230768 0.23076923076923078
1 0.47836538461538464 0.7512019230769231 0.15384615384615385 0.21153846153846154
1 0.29447115384615385 0.7307692307692307 0.1778846153846154 0.21153846153846154
1 0.12139423076923077 0.8870192307692307 0.1778846153846154 0.21153846153846154
1 0.3112980769230769 0.23677884615384615 0.15625 0.21153846153846154
1 0.5612980769230769 0.9338942307692307 0.14423076923076922 0.12980769230769232
1 0.7716346153846154 0.9338942307692307 0.1778846153846154 0.12980769230769232
2 0.6358173076923077 0.3798076923076923 0.375 0.4807692307692308
0 0.203125 0.4951923076923077 0.10817307692307693 0.14182692307692307
0 0.22355769230769232 0.13341346153846154 0.07211538461538461 0.08653846153846154