1 0.46274038461538464 0.7632211538461539 0.20192307692307693 0.19951923076923078
1 0.6370192307692307 0.5588942307692307 0.20192307692307693 0.19951923076923078
1 0.8521634615384616 0.28125 0.20192307692307693 0.19951923076923078
1 0.6634615384615384 0.13341346153846154 0.20192307692307693 0.19951923076923078
1 0.25 0.16706730769230768 0.20192307692307693 0.19951923076923078
1 0.11298076923076923 0.33533653846153844 0.19230769230769232 0.15865384615384615
1 0.14903846153846154 0.7632211538461539 0.20432692307692307 0.1875
1 0.7512019230769231 0.46153846153846156 0.2403846153846154 0.1875
1 0.453125 0.26322115384615385 0.2403846153846154 0.1875
1 0.17668269230769232 0.5588942307692307 0.23317307692307693 0.16346153846153846
1 0.06129807692307692 0.1502403846153846 0.12259615384615384 0.16346153846153846
1 0.9302884615384616 0.9194711538461539 0.1346153846153846 0.15625
2 0.46153846153846156 0.4362980769230769 0.27884615384615385 0.1971153846153846