1 0.15745192307692307 0.27524038461538464 0.1201923076923077 0.28846153846153844
1 0.27403846153846156 0.6514423076923077 0.18269230769230768 0.21153846153846154
1 0.07211538461538461 0.5276442307692307 0.14423076923076922 0.21153846153846154
1 0.4170673076923077 0.2608173076923077 0.16346153846153846 0.21153846153846154
1 0.4170673076923077 0.09254807692307693 0.15865384615384615 0.18028846153846154
1 0.7992788461538461 0.40024038461538464 0.16346153846153846 0.19951923076923078
1 0.5757211538461539 0.5324519230769231 0.1778846153846154 0.20192307692307693
1 0.5336538461538461 0.7920673076923077 0.17307692307692307 0.23557692307692307
1 0.8269230769230769 0.9302884615384616 0.17307692307692307 0.1346153846153846
1 0.6947115384615384 0.8173076923076923 0.15384615384615385 0.20192307692307693
1 0.6850961538461539 0.5985576923076923 0.14903846153846154 0.24759615384615385
1 0.9242788461538461 0.3389423076923077 0.1346153846153846 0.19471153846153846
1 0.08774038461538461 0.8377403846153846 0.15384615384615385 0.22596153846153846
1 0.23918269230769232 0.9026442307692307 0.16105769230769232 0.18990384615384615
1 0.38100961538461536 0.9170673076923077 0.14182692307692307 0.16105769230769232
0 0.015625 0.37740384615384615 0.03125 0.07692307692307693
0 0.6370192307692307 0.4411057692307692 0.06490384615384616 0.0625
2 0.6947115384615384 0.16826923076923078 0.41346153846153844 0.3317307692307692