1 0.5877403846153846 0.9098557692307693 0.22596153846153846 0.15384615384615385
1 0.34134615384615385 0.8990384615384616 0.2283653846153846 0.16826923076923078
1 0.10817307692307693 0.8641826923076923 0.21153846153846154 0.16346153846153846
1 0.7704326923076923 0.5709134615384616 0.22596153846153846 0.20192307692307693
1 0.6742788461538461 0.765625 0.22596153846153846 0.20192307692307693
1 0.9038461538461539 0.7223557692307693 0.1875 0.2091346153846154
1 0.8149038461538461 0.34134615384615385 0.22596153846153846 0.20192307692307693
1 0.44591346153846156 0.19591346153846154 0.2283653846153846 0.20192307692307693
1 0.22235576923076922 0.20072115384615385 0.2283653846153846 0.20192307692307693
1 0.09375 0.0625 0.18269230769230768 0.12259615384615384
1 0.6754807692307693 0.14302884615384615 0.27884615384615385 0.21634615384615385
0 0.453125 0.7872596153846154 0.07692307692307693 0.06490384615384616
2 0.23677884615384615 0.5252403846153846 0.46875 0.3701923076923077