1 0.6057692307692307 0.11538461538461539 0.2644230769230769 0.16346153846153846
1 0.19230769230769232 0.1346153846153846 0.2644230769230769 0.16346153846153846
1 0.65625 0.28846153846153844 0.2644230769230769 0.16346153846153846
1 0.7572115384615384 0.8040865384615384 0.25961538461538464 0.18509615384615385
1 0.375 0.38341346153846156 0.24519230769230768 0.17307692307692307
1 0.16466346153846154 0.3954326923076923 0.1971153846153846 0.18028846153846154
1 0.5685096153846154 0.921875 0.2091346153846154 0.15384615384615385
1 0.8858173076923077 0.4254807692307692 0.22596153846153846 0.19230769230769232
1 0.9038461538461539 0.26802884615384615 0.1875 0.16826923076923078
1 0.328125 0.6177884615384616 0.21153846153846154 0.21153846153846154
1 0.06370192307692307 0.5396634615384616 0.12259615384615384 0.18509615384615385
2 0.6310096153846154 0.5661057692307693 0.4519230769230769 0.38461538461538464
0 0.71875 0.9302884615384616 0.08653846153846154 0.052884615384615384