1 0.4735576923076923 0.8822115384615384 0.16105769230769232 0.23076923076923078
1 0.3112980769230769 0.8497596153846154 0.16826923076923078 0.1971153846153846
1 0.45552884615384615 0.24158653846153846 0.17307692307692307 0.21153846153846154
1 0.29447115384615385 0.15745192307692307 0.18028846153846154 0.25240384615384615
1 0.44711538461538464 0.6574519230769231 0.1778846153846154 0.1971153846153846
1 0.5877403846153846 0.09375 0.18990384615384615 0.18269230769230768
1 0.39302884615384615 0.4795673076923077 0.13221153846153846 0.22115384615384615
1 0.08173076923076923 0.11177884615384616 0.15865384615384615 0.21875
1 0.2668269230769231 0.41466346153846156 0.16346153846153846 0.22596153846153846
1 0.23557692307692307 0.6394230769230769 0.16346153846153846 0.20432692307692307
1 0.7331730769230769 0.21754807692307693 0.15865384615384615 0.22596153846153846
1 0.11298076923076923 0.38341346153846156 0.14903846153846154 0.21153846153846154
1 0.11298076923076923 0.8305288461538461 0.18028846153846154 0.1778846153846154
1 0.9326923076923077 0.3137019230769231 0.12980769230769232 0.23317307692307693
2 0.8076923076923077 0.6959134615384616 0.31490384615384615 0.44711538461538464
0 0.4675480769230769 0.4795673076923077 0.055288461538461536 0.08653846153846154