1 0.6862980769230769 0.890625 0.23317307692307693 0.17548076923076922
1 0.3473557692307692 0.26322115384615385 0.23076923076923078 0.19951923076923078
1 0.10096153846153846 0.24879807692307693 0.1971153846153846 0.20192307692307693
1 0.8858173076923077 0.07211538461538461 0.22355769230769232 0.14423076923076922
1 0.5709134615384616 0.3858173076923077 0.20673076923076922 0.14903846153846154
1 0.7415865384615384 0.19591346153846154 0.21394230769230768 0.17307692307692307
1 0.40625 0.7692307692307693 0.21394230769230768 0.17307692307692307
1 0.375 0.8605769230769231 0.22596153846153846 0.19471153846153846
1 0.7560096153846154 0.6790865384615384 0.22596153846153846 0.16826923076923078
1 0.5576923076923077 0.31490384615384615 0.18269230769230768 0.14423076923076922
2 0.10096153846153846 0.7151442307692307 0.1971153846153846 0.27403846153846156
2 0.27884615384615385 0.5420673076923077 0.5240384615384616 0.36538461538461536