1 0.9375 0.8137019230769231 0.1201923076923077 0.2283653846153846
1 0.6430288461538461 0.45552884615384615 0.24519230769230768 0.14903846153846154
1 0.39663461538461536 0.5132211538461539 0.21153846153846154 0.15384615384615385
1 0.9182692307692307 0.3173076923076923 0.15865384615384615 0.15865384615384615
1 0.14903846153846154 0.2920673076923077 0.20673076923076922 0.16346153846153846
1 0.5901442307692307 0.06009615384615385 0.21153846153846154 0.11538461538461539
1 0.8930288461538461 0.11057692307692307 0.2091346153846154 0.13942307692307693
1 0.08413461538461539 0.15865384615384615 0.16346153846153846 0.15384615384615385
1 0.26322115384615385 0.9134615384615384 0.2548076923076923 0.14903846153846154
1 0.71875 0.8245192307692307 0.23317307692307693 0.16105769230769232
1 0.7680288461538461 0.6754807692307693 0.19230769230769232 0.15384615384615385
1 0.4987980769230769 0.8040865384615384 0.23317307692307693 0.19230769230769232
1 0.34975961538461536 0.6766826923076923 0.21153846153846154 0.14423076923076922
1 0.23076923076923078 0.6334134615384616 0.20192307692307693 0.15384615384615385
1 0.16346153846153846 0.7536057692307693 0.22596153846153846 0.18269230769230768
2 0.47596153846153844 0.28365384615384615 0.34615384615384615 0.2980769230769231
0 0.09375 0.6105769230769231 0.09134615384615384 0.0673076923076923