2 0.49038461538461536 0.5036057692307693 0.36538461538461536 0.4855769230769231
1 0.7536057692307693 0.1935096153846154 0.18509615384615385 0.24278846153846154
1 0.8269230769230769 0.09735576923076923 0.1875 0.18990384615384615
1 0.9639423076923077 0.15985576923076922 0.0673076923076923 0.24759615384615385
1 0.8365384615384616 0.41346153846153844 0.22596153846153846 0.23798076923076922
1 0.7920673076923077 0.6478365384615384 0.22596153846153846 0.23798076923076922
1 0.18509615384615385 0.6574519230769231 0.22596153846153846 0.23798076923076922
1 0.09615384615384616 0.6887019230769231 0.18990384615384615 0.21394230769230768
1 0.09375 0.41947115384615385 0.18509615384615385 0.25961538461538464
1 0.203125 0.17668269230769232 0.1875 0.25961538461538464
1 0.41466346153846156 0.171875 0.21153846153846154 0.25961538461538464
1 0.5444711538461539 0.15384615384615385 0.21153846153846154 0.25961538461538464
1 0.5300480769230769 0.06370192307692307 0.21153846153846154 0.12259615384615384
1 0.9350961538461539 0.6574519230769231 0.125 0.23317307692307693
1 0.08653846153846154 0.9074519230769231 0.17307692307692307 0.18028846153846154
0 0.31971153846153844 0.9423076923076923 0.07692307692307693 0.08653846153846154
0 0.21634615384615385 0.8629807692307693 0.07692307692307693 0.08653846153846154
0 0.9603365384615384 0.5012019230769231 0.07451923076923077 0.09375