1 0.5612980769230769 0.5444711538461539 0.2283653846153846 0.17548076923076922
1 0.15384615384615385 0.18509615384615385 0.2091346153846154 0.15384615384615385
1 0.4807692307692308 0.07572115384615384 0.2283653846153846 0.14903846153846154
1 0.26802884615384615 0.9122596153846154 0.23798076923076922 0.16826923076923078
1 0.5925480769230769 0.32211538461538464 0.23798076923076922 0.16826923076923078
1 0.5072115384615384 0.8521634615384616 0.23798076923076922 0.16826923076923078
1 0.07451923076923077 0.46634615384615385 0.14423076923076922 0.1778846153846154
1 0.6574519230769231 0.6947115384615384 0.19230769230769232 0.17307692307692307
1 0.9050480769230769 0.4098557692307692 0.18269230769230768 0.18269230769230768
1 0.9338942307692307 0.6069711538461539 0.12980769230769232 0.22115384615384615
1 0.8810096153846154 0.8389423076923077 0.23317307692307693 0.1778846153846154
2 0.2512019230769231 0.6754807692307693 0.44471153846153844 0.3605769230769231
2 0.3401442307692308 0.39663461538461536 0.31971153846153844 0.25721153846153844
0 0.8461538461538461 0.014423076923076924 0.07211538461538461 0.026442307692307692