1 0.7223557692307693 0.3233173076923077 0.19471153846153846 0.23076923076923078
1 0.9074519230769231 0.6274038461538461 0.18028846153846154 0.23557692307692307
1 0.5324519230769231 0.8185096153846154 0.19471153846153846 0.23076923076923078
1 0.3605769230769231 0.7403846153846154 0.17307692307692307 0.21634615384615385
1 0.22716346153846154 0.8173076923076923 0.17307692307692307 0.21634615384615385
1 0.15144230769230768 0.6334134615384616 0.17307692307692307 0.21875
1 0.7439903846153846 0.90625 0.17067307692307693 0.18269230769230768
1 0.5516826923076923 0.5661057692307693 0.19230769230769232 0.19230769230769232
1 0.07091346153846154 0.8257211538461539 0.13942307692307693 0.20673076923076922
1 0.4230769230769231 0.4951923076923077 0.1778846153846154 0.20192307692307693
1 0.5961538461538461 0.4254807692307692 0.1778846153846154 0.22596153846153846
1 0.6490384615384616 0.18509615384615385 0.15384615384615385 0.21634615384615385
1 0.20072115384615385 0.4567307692307692 0.21634615384615385 0.1466346153846154
2 0.30408653846153844 0.2439903846153846 0.25240384615384615 0.3076923076923077
0 0.5504807692307693 0.09495192307692307 0.057692307692307696 0.07211538461538461
0 0.11778846153846154 0.23677884615384615 0.04807692307692308 0.0625