1 0.5396634615384616 0.35336538461538464 0.2548076923076923 0.1778846153846154
1 0.8966346153846154 0.3329326923076923 0.20192307692307693 0.17548076923076922
1 0.5456730769230769 0.5396634615384616 0.30288461538461536 0.20192307692307693
1 0.5216346153846154 0.16466346153846154 0.21153846153846154 0.16826923076923078
1 0.7439903846153846 0.22115384615384615 0.21153846153846154 0.14903846153846154
1 0.8846153846153846 0.7115384615384616 0.20432692307692307 0.16346153846153846
1 0.3581730769230769 0.8545673076923077 0.19230769230769232 0.18990384615384615
1 0.4411057692307692 0.6826923076923077 0.17067307692307693 0.14423076923076922
1 0.29447115384615385 0.6742788461538461 0.24759615384615385 0.14903846153846154
1 0.453125 0.04807692307692308 0.30528846153846156 0.09134615384615384
1 0.6550480769230769 0.7860576923076923 0.27403846153846156 0.1875
2 0.23076923076923078 0.46033653846153844 0.4495192307692308 0.35096153846153844