1 0.078125 0.45552884615384615 0.15144230769230768 0.23317307692307693
1 0.24639423076923078 0.43990384615384615 0.1658653846153846 0.2283653846153846
1 0.1346153846153846 0.6862980769230769 0.1658653846153846 0.2283653846153846
1 0.04326923076923077 0.6911057692307693 0.08173076923076923 0.2283653846153846
1 0.46875 0.5600961538461539 0.15865384615384615 0.22115384615384615
1 0.3293269230769231 0.6622596153846154 0.21153846153846154 0.20432692307692307
1 0.27524038461538464 0.8329326923076923 0.19951923076923078 0.16346153846153846
1 0.09975961538461539 0.9362980769230769 0.19951923076923078 0.12259615384615384
1 0.8293269230769231 0.8161057692307693 0.21634615384615385 0.2403846153846154
1 0.6310096153846154 0.9435096153846154 0.21394230769230768 0.10817307692307693
1 0.44591346153846156 0.7848557692307693 0.17067307692307693 0.2283653846153846
1 0.7367788461538461 0.5204326923076923 0.17307692307692307 0.2644230769230769
1 0.8341346153846154 0.5697115384615384 0.17307692307692307 0.2283653846153846
1 0.14302884615384615 0.11658653846153846 0.1658653846153846 0.2283653846153846
1 0.6574519230769231 0.28725961538461536 0.1658653846153846 0.2283653846153846
2 0.4230769230769231 0.21033653846153846 0.38461538461538464 0.4182692307692308