1 0.7199519230769231 0.8762019230769231 0.18509615384615385 0.24278846153846154
1 0.30528846153846156 0.3076923076923077 0.18269230769230768 0.24519230769230768
1 0.4735576923076923 0.3076923076923077 0.18269230769230768 0.24519230769230768
1 0.6370192307692307 0.16826923076923078 0.21394230769230768 0.24759615384615385
1 0.8112980769230769 0.26802884615384615 0.14903846153846154 0.2403846153846154
1 0.14783653846153846 0.734375 0.1778846153846154 0.20673076923076922
1 0.5372596153846154 0.9278846153846154 0.1466346153846154 0.13942307692307693
1 0.7199519230769231 0.625 0.18269230769230768 0.24519230769230768
1 0.057692307692307696 0.5396634615384616 0.11538461538461539 0.2403846153846154
0 0.1201923076923077 0.0673076923076923 0.10817307692307693 0.12980769230769232
0 0.3473557692307692 0.09375 0.0625 0.08653846153846154
0 0.15985576923076922 0.5757211538461539 0.07211538461538461 0.11298076923076923
0 0.9819711538461539 0.6935096153846154 0.03365384615384615 0.10336538461538461
2 0.3798076923076923 0.7295673076923077 0.3173076923076923 0.43028846153846156