1 0.6899038461538461 0.8870192307692307 0.2692307692307692 0.17307692307692307
1 0.8990384615384616 0.9146634615384616 0.1971153846153846 0.17067307692307693
1 0.9242788461538461 0.7259615384615384 0.1466346153846154 0.21153846153846154
1 0.8774038461538461 0.45552884615384615 0.2403846153846154 0.19951923076923078
1 0.5072115384615384 0.30288461538461536 0.25961538461538464 0.19471153846153846
1 0.3125 0.7884615384615384 0.23076923076923078 0.16346153846153846
1 0.1935096153846154 0.9242788461538461 0.25240384615384615 0.1466346153846154
1 0.15745192307692307 0.6346153846153846 0.24759615384615385 0.16346153846153846
1 0.2247596153846154 0.45552884615384615 0.22596153846153846 0.16346153846153846
1 0.24639423076923078 0.25841346153846156 0.22596153846153846 0.1875
1 0.0985576923076923 0.08533653846153846 0.19230769230769232 0.16826923076923078
1 0.7740384615384616 0.2764423076923077 0.22596153846153846 0.1658653846153846
1 0.05048076923076923 0.5444711538461539 0.09615384615384616 0.15384615384615385
1 0.05048076923076923 0.7680288461538461 0.09615384615384616 0.19230769230769232
2 0.6213942307692307 0.6225961538461539 0.5144230769230769 0.39903846153846156
0 0.4987980769230769 0.16105769230769232 0.15144230769230768 0.11538461538461539
0 0.8834134615384616 0.18269230769230768 0.09134615384615384 0.07692307692307693