1 0.8954326923076923 0.3713942307692308 0.1875 0.1778846153846154
1 0.8557692307692307 0.5324519230769231 0.24519230769230768 0.1658653846153846
1 0.4098557692307692 0.40865384615384615 0.21153846153846154 0.13942307692307693
1 0.5745192307692307 0.11538461538461539 0.2692307692307692 0.17548076923076922
1 0.06610576923076923 0.47115384615384615 0.12740384615384615 0.14423076923076922
1 0.06610576923076923 0.5841346153846154 0.12740384615384615 0.14423076923076922
1 0.23197115384615385 0.046875 0.24519230769230768 0.09134615384615384
1 0.2860576923076923 0.2127403846153846 0.23076923076923078 0.19230769230769232
1 0.9146634615384616 0.7848557692307693 0.1658653846153846 0.18509615384615385
1 0.8942307692307693 0.8689903846153846 0.20432692307692307 0.14903846153846154
2 0.5925480769230769 0.6502403846153846 0.27163461538461536 0.19951923076923078
0 0.7451923076923077 0.009615384615384616 0.09134615384615384 0.014423076923076924
0 0.14182692307692307 0.09735576923076923 0.09134615384615384 0.052884615384615384