1 0.5612980769230769 0.9146634615384616 0.20432692307692307 0.1658653846153846
1 0.7992788461538461 0.7175480769230769 0.23798076923076922 0.1778846153846154
1 0.7439903846153846 0.8713942307692307 0.3125 0.13942307692307693
1 0.6838942307692307 0.3581730769230769 0.23076923076923078 0.1971153846153846
1 0.8185096153846154 0.515625 0.18269230769230768 0.18269230769230768
1 0.5408653846153846 0.5552884615384616 0.30288461538461536 0.1466346153846154
1 0.47716346153846156 0.42427884615384615 0.23798076923076922 0.1778846153846154
1 0.6862980769230769 0.08774038461538461 0.2403846153846154 0.17307692307692307
1 0.3449519230769231 0.08533653846153846 0.2403846153846154 0.16826923076923078
1 0.9495192307692307 0.5288461538461539 0.09615384615384616 0.19951923076923078
1 0.5528846153846154 0.7151442307692307 0.19230769230769232 0.20673076923076922
1 0.26802884615384615 0.8497596153846154 0.23317307692307693 0.20673076923076922
1 0.5673076923076923 0.28365384615384615 0.18269230769230768 0.1466346153846154
1 0.0733173076923077 0.16826923076923078 0.14182692307692307 0.14903846153846154
1 0.890625 0.34975961538461536 0.21153846153846154 0.16346153846153846
0 0.18028846153846154 0.18389423076923078 0.0889423076923077 0.08173076923076923
2 0.20673076923076922 0.5300480769230769 0.40865384615384615 0.36778846153846156