1 0.6586538461538461 0.6550480769230769 0.20673076923076922 0.24759615384615385
1 0.4879807692307692 0.7295673076923077 0.1778846153846154 0.27403846153846156
1 0.3317307692307692 0.7692307692307693 0.1658653846153846 0.18028846153846154
1 0.28846153846153844 0.84375 0.18028846153846154 0.1875
1 0.07091346153846154 0.9038461538461539 0.14182692307692307 0.1875
1 0.18629807692307693 0.28725961538461536 0.13221153846153846 0.21153846153846154
1 0.9266826923076923 0.42427884615384615 0.14423076923076922 0.23557692307692307
1 0.7980769230769231 0.890625 0.17307692307692307 0.21634615384615385
1 0.7896634615384616 0.21875 0.18269230769230768 0.23076923076923078
1 0.5540865384615384 0.1971153846153846 0.15144230769230768 0.19230769230769232
1 0.4723557692307692 0.14903846153846154 0.14903846153846154 0.20673076923076922
2 0.3629807692307692 0.4807692307692308 0.3317307692307692 0.49038461538461536