1 0.5012019230769231 0.6658653846153846 0.22115384615384615 0.16346153846153846
1 0.47836538461538464 0.5865384615384616 0.27884615384615385 0.16826923076923078
1 0.44350961538461536 0.8545673076923077 0.24278846153846154 0.18990384615384615
1 0.24158653846153846 0.9158653846153846 0.21153846153846154 0.1658653846153846
1 0.46153846153846156 0.38822115384615385 0.23798076923076922 0.1778846153846154
1 0.6947115384615384 0.08413461538461539 0.20673076923076922 0.14903846153846154
1 0.21634615384615385 0.07211538461538461 0.21634615384615385 0.14423076923076922
1 0.8870192307692307 0.8882211538461539 0.18269230769230768 0.14423076923076922
1 0.6766826923076923 0.4206730769230769 0.19230769230769232 0.14423076923076922
1 0.14423076923076922 0.16346153846153846 0.25 0.19471153846153846
1 0.1622596153846154 0.47115384615384615 0.21634615384615385 0.20192307692307693
2 0.8269230769230769 0.6069711538461539 0.34134615384615385 0.36778846153846156