1 0.21634615384615385 0.11778846153846154 0.25 0.1875
1 0.7487980769230769 0.5360576923076923 0.21875 0.14903846153846154
1 0.8689903846153846 0.3581730769230769 0.19951923076923078 0.19471153846153846
1 0.7920673076923077 0.6790865384615384 0.20192307692307693 0.16826923076923078
1 0.0985576923076923 0.6454326923076923 0.19230769230769232 0.17307692307692307
1 0.45072115384615385 0.6947115384615384 0.20192307692307693 0.16826923076923078
1 0.5528846153846154 0.6862980769230769 0.20192307692307693 0.16826923076923078
1 0.7295673076923077 0.8798076923076923 0.27403846153846156 0.17307692307692307
1 0.8353365384615384 0.23918269230769232 0.22596153846153846 0.14903846153846154
1 0.16706730769230768 0.3557692307692308 0.22596153846153846 0.14903846153846154
1 0.23918269230769232 0.7752403846153846 0.22115384615384615 0.18269230769230768
0 0.31009615384615385 0.5721153846153846 0.0673076923076923 0.057692307692307696
0 0.18629807692307693 0.5048076923076923 0.08173076923076923 0.057692307692307696
0 0.7704326923076923 0.13822115384615385 0.08653846153846154 0.0673076923076923
2 0.49158653846153844 0.26802884615384615 0.49038461538461536 0.3605769230769231