1 0.5096153846153846 0.7379807692307693 0.20673076923076922 0.18269230769230768
1 0.7247596153846154 0.6442307692307693 0.21875 0.15865384615384615
1 0.7379807692307693 0.7451923076923077 0.1875 0.14423076923076922
1 0.11177884615384616 0.6141826923076923 0.22115384615384615 0.18269230769230768
1 0.8377403846153846 0.21033653846153846 0.21875 0.15865384615384615
1 0.4735576923076923 0.19831730769230768 0.23317307692307693 0.16826923076923078
1 0.5733173076923077 0.22596153846153846 0.21394230769230768 0.16826923076923078
1 0.3641826923076923 0.5036057692307693 0.19951923076923078 0.17307692307692307
1 0.2704326923076923 0.06009615384615385 0.25 0.11778846153846154
1 0.07091346153846154 0.078125 0.13942307692307693 0.15384615384615385
1 0.07091346153846154 0.2127403846153846 0.13942307692307693 0.15865384615384615
1 0.09495192307692307 0.40625 0.1875 0.15865384615384615
1 0.22956730769230768 0.2608173076923077 0.20432692307692307 0.15625
1 0.3245192307692308 0.5637019230769231 0.20432692307692307 0.15625
1 0.18990384615384615 0.8088942307692307 0.20432692307692307 0.15625
1 0.625 0.8894230769230769 0.23317307692307693 0.16826923076923078
1 0.5588942307692307 0.5192307692307693 0.15144230769230768 0.15865384615384615
1 0.59375 0.0673076923076923 0.22115384615384615 0.12980769230769232
2 0.78125 0.375 0.3269230769230769 0.24519230769230768