2 0.38100961538461536 0.5769230769230769 0.28846153846153844 0.34615384615384615
1 0.2860576923076923 0.18269230769230768 0.19471153846153846 0.25240384615384615
1 0.5913461538461539 0.6262019230769231 0.15144230769230768 0.25961538461538464
1 0.7932692307692307 0.17307692307692307 0.14903846153846154 0.24519230769230768
1 0.7572115384615384 0.11057692307692307 0.14903846153846154 0.21875
1 0.4579326923076923 0.16105769230769232 0.1875 0.25
1 0.7980769230769231 0.7247596153846154 0.16346153846153846 0.1658653846153846
1 0.9555288461538461 0.25600961538461536 0.08653846153846154 0.24519230769230768
1 0.9182692307692307 0.7415865384615384 0.16105769230769232 0.2283653846153846
1 0.6262019230769231 0.4050480769230769 0.1875 0.2548076923076923
1 0.8125 0.38822115384615385 0.1875 0.2548076923076923
1 0.17548076923076922 0.5396634615384616 0.15144230769230768 0.25961538461538464
0 0.17548076923076922 0.25841346153846156 0.052884615384615384 0.08173076923076923