1 0.8737980769230769 0.6959134615384616 0.1658653846153846 0.19951923076923078
1 0.7944711538461539 0.5180288461538461 0.15384615384615385 0.1971153846153846
1 0.8293269230769231 0.09014423076923077 0.15384615384615385 0.17548076923076922
1 0.6358173076923077 0.1141826923076923 0.1658653846153846 0.21634615384615385
1 0.3870192307692308 0.09014423076923077 0.1971153846153846 0.17548076923076922
1 0.44591346153846156 0.3112980769230769 0.15865384615384615 0.21875
1 0.28365384615384615 0.3762019230769231 0.15865384615384615 0.21875
1 0.18028846153846154 0.640625 0.1778846153846154 0.17307692307692307
1 0.6634615384615384 0.8882211538461539 0.18028846153846154 0.21875
1 0.11899038461538461 0.27524038461538464 0.1778846153846154 0.22115384615384615
1 0.1778846153846154 0.17067307692307693 0.1778846153846154 0.22115384615384615
1 0.09014423076923077 0.4807692307692308 0.1778846153846154 0.17548076923076922
1 0.6177884615384616 0.5348557692307693 0.15865384615384615 0.22115384615384615
1 0.7043269230769231 0.34975961538461536 0.17548076923076922 0.24519230769230768
2 0.4675480769230769 0.7692307692307693 0.3605769230769231 0.4567307692307692