1 0.8341346153846154 0.10336538461538461 0.23557692307692307 0.1875
1 0.796875 0.40384615384615385 0.23557692307692307 0.1875
1 0.6298076923076923 0.8401442307692307 0.23557692307692307 0.1875
1 0.23317307692307693 0.7103365384615384 0.23557692307692307 0.1875
1 0.5096153846153846 0.5961538461538461 0.23557692307692307 0.1875
1 0.6490384615384616 0.5444711538461539 0.23557692307692307 0.1875
1 0.8221153846153846 0.7259615384615384 0.23557692307692307 0.1658653846153846
1 0.10096153846153846 0.5216346153846154 0.1971153846153846 0.17307692307692307
1 0.6310096153846154 0.1814903846153846 0.20432692307692307 0.16826923076923078
1 0.5733173076923077 0.06610576923076923 0.2403846153846154 0.12980769230769232
2 0.3161057692307692 0.29927884615384615 0.47596153846153844 0.39903846153846156