1 0.21754807692307693 0.5288461538461539 0.15865384615384615 0.19230769230769232
1 0.33653846153846156 0.4879807692307692 0.15865384615384615 0.19230769230769232
1 0.8365384615384616 0.7355769230769231 0.15865384615384615 0.21153846153846154
1 0.9146634615384616 0.39903846153846156 0.15865384615384615 0.21153846153846154
1 0.7896634615384616 0.9038461538461539 0.1875 0.1875
1 0.5793269230769231 0.3112980769230769 0.18509615384615385 0.20673076923076922
1 0.9435096153846154 0.8521634615384616 0.11057692307692307 0.2692307692307692
2 0.30408653846153844 0.7920673076923077 0.3942307692307692 0.41346153846153844
0 0.5360576923076923 0.42908653846153844 0.06490384615384616 0.0673076923076923
0 0.5516826923076923 0.4951923076923077 0.057692307692307696 0.08653846153846154
0 0.6021634615384616 0.4879807692307692 0.057692307692307696 0.07451923076923077
0 0.44350961538461536 0.6622596153846154 0.0625 0.07211538461538461