1 0.796875 0.24278846153846154 0.21634615384615385 0.1778846153846154
1 0.6574519230769231 0.17067307692307693 0.21634615384615385 0.1778846153846154
1 0.9350961538461539 0.4963942307692308 0.125 0.18990384615384615
1 0.859375 0.453125 0.15865384615384615 0.18269230769230768
1 0.15384615384615385 0.1778846153846154 0.20673076923076922 0.1778846153846154
1 0.4639423076923077 0.9134615384615384 0.22596153846153846 0.16826923076923078
1 0.7572115384615384 0.7247596153846154 0.22115384615384615 0.18028846153846154
1 0.41947115384615385 0.10336538461538461 0.24519230769230768 0.17307692307692307
1 0.8497596153846154 0.9242788461538461 0.2956730769230769 0.15144230769230768
2 0.24278846153846154 0.5685096153846154 0.4230769230769231 0.3605769230769231
0 0.6983173076923077 0.5144230769230769 0.08653846153846154 0.06490384615384616
0 0.5901442307692307 0.34975961538461536 0.08653846153846154 0.06490384615384616