1 0.6310096153846154 0.3389423076923077 0.18509615384615385 0.22596153846153846
1 0.6069711538461539 0.6322115384615384 0.18509615384615385 0.22596153846153846
1 0.6670673076923077 0.8365384615384616 0.18509615384615385 0.22596153846153846
1 0.2980769230769231 0.21634615384615385 0.18509615384615385 0.22596153846153846
1 0.15504807692307693 0.08052884615384616 0.13701923076923078 0.16105769230769232
1 0.28725961538461536 0.6033653846153846 0.16826923076923078 0.22115384615384615
1 0.1622596153846154 0.6502403846153846 0.16826923076923078 0.22115384615384615
1 0.2704326923076923 0.8137019230769231 0.17548076923076922 0.20432692307692307
1 0.8353365384615384 0.21995192307692307 0.17548076923076922 0.20432692307692307
1 0.8088942307692307 0.6141826923076923 0.20192307692307693 0.22596153846153846
1 0.9278846153846154 0.4338942307692308 0.13942307692307693 0.27403846153846156
1 0.6346153846153846 0.08052884615384616 0.1778846153846154 0.15865384615384615
1 0.7019230769230769 0.09254807692307693 0.1778846153846154 0.18509615384615385
1 0.9230769230769231 0.7680288461538461 0.14903846153846154 0.20673076923076922
2 0.10697115384615384 0.3557692307692308 0.21394230769230768 0.47596153846153844
0 0.28846153846153844 0.4411057692307692 0.0625 0.10576923076923077