1 0.3605769230769231 0.5769230769230769 0.23317307692307693 0.1875
1 0.7860576923076923 0.7367788461538461 0.2403846153846154 0.20673076923076922
1 0.7704326923076923 0.3473557692307692 0.24519230769230768 0.1875
1 0.6754807692307693 0.17668269230769232 0.2548076923076923 0.18269230769230768
1 0.46634615384615385 0.16826923076923078 0.25961538461538464 0.19230769230769232
1 0.21033653846153846 0.2860576923076923 0.1971153846153846 0.19951923076923078
1 0.5552884615384616 0.4543269230769231 0.2403846153846154 0.18990384615384615
1 0.41586538461538464 0.3425480769230769 0.21394230769230768 0.2091346153846154
1 0.5348557692307693 0.7704326923076923 0.21153846153846154 0.16346153846153846
1 0.921875 0.5661057692307693 0.15384615384615385 0.1971153846153846
1 0.5480769230769231 0.8473557692307693 0.2692307692307692 0.14182692307692307
2 0.12379807692307693 0.5600961538461539 0.24519230769230768 0.36778846153846156