1 0.22355769230769232 0.49038461538461536 0.1658653846153846 0.20432692307692307
1 0.3485576923076923 0.5324519230769231 0.1658653846153846 0.20432692307692307
1 0.8737980769230769 0.27283653846153844 0.1658653846153846 0.22115384615384615
1 0.9350961538461539 0.625 0.125 0.22596153846153846
1 0.8245192307692307 0.09735576923076923 0.1971153846153846 0.19230769230769232
1 0.6045673076923077 0.71875 0.19471153846153846 0.21634615384615385
1 0.9627403846153846 0.14903846153846154 0.07211538461538461 0.28365384615384615
2 0.3137019230769231 0.21634615384615385 0.41346153846153844 0.42788461538461536
0 0.5576923076923077 0.5949519230769231 0.0673076923076923 0.06971153846153846
0 0.5745192307692307 0.5252403846153846 0.057692307692307696 0.09134615384615384
0 0.6274038461538461 0.5324519230769231 0.06009615384615385 0.07692307692307693
0 0.46153846153846156 0.34975961538461536 0.0673076923076923 0.07692307692307693