1 0.7271634615384616 0.9146634615384616 0.21634615384615385 0.16826923076923078
1 0.3317307692307692 0.6033653846153846 0.18509615384615385 0.1346153846153846
1 0.390625 0.13701923076923078 0.20673076923076922 0.16826923076923078
1 0.1971153846153846 0.7608173076923077 0.20673076923076922 0.16826923076923078
1 0.6298076923076923 0.17908653846153846 0.2403846153846154 0.17307692307692307
1 0.84375 0.06490384615384616 0.1875 0.125
1 0.9290865384615384 0.1935096153846154 0.13701923076923078 0.16346153846153846
1 0.9603365384615384 0.4579326923076923 0.07211538461538461 0.16826923076923078
1 0.96875 0.6838942307692307 0.057692307692307696 0.16346153846153846
1 0.20673076923076922 0.9447115384615384 0.18269230769230768 0.10576923076923077
2 0.6790865384615384 0.5817307692307693 0.32211538461538464 0.2548076923076923
1 0.7307692307692307 0.7680288461538461 0.22115384615384615 0.13701923076923078
1 0.5564903846153846 0.7872596153846154 0.22115384615384615 0.13701923076923078
1 0.4338942307692308 0.3798076923076923 0.2403846153846154 0.14423076923076922
1 0.3076923076923077 0.49158653846153844 0.20673076923076922 0.14903846153846154