1 0.16706730769230768 0.7740384615384616 0.18269230769230768 0.23557692307692307
1 0.052884615384615384 0.5625 0.10096153846153846 0.2692307692307692
1 0.3485576923076923 0.34975961538461536 0.18269230769230768 0.23557692307692307
1 0.26322115384615385 0.28846153846153844 0.18509615384615385 0.2548076923076923
1 0.31850961538461536 0.09014423076923077 0.15865384615384615 0.1778846153846154
1 0.47115384615384615 0.09014423076923077 0.15865384615384615 0.1778846153846154
1 0.9158653846153846 0.5444711538461539 0.16346153846153846 0.21634615384615385
1 0.8701923076923077 0.31971153846153844 0.17307692307692307 0.21634615384615385
1 0.6995192307692307 0.4014423076923077 0.17307692307692307 0.21634615384615385
1 0.4855769230769231 0.6141826923076923 0.20192307692307693 0.2283653846153846
1 0.3762019230769231 0.5625 0.19230769230769232 0.2283653846153846
1 0.3317307692307692 0.8305288461538461 0.16346153846153846 0.28365384615384615
1 0.5576923076923077 0.8545673076923077 0.11778846153846154 0.2644230769230769
1 0.625 0.1622596153846154 0.23076923076923078 0.31971153846153844
2 0.7355769230769231 0.7524038461538461 0.37259615384615385 0.44711538461538464