2 0.43509615384615385 0.7692307692307693 0.25721153846153844 0.3173076923076923
1 0.3581730769230769 0.4567307692307692 0.18028846153846154 0.27884615384615385
1 0.09014423076923077 0.171875 0.17548076923076922 0.2860576923076923
1 0.23798076923076922 0.32572115384615385 0.18269230769230768 0.2548076923076923
1 0.15625 0.4723557692307692 0.1778846153846154 0.2548076923076923
1 0.22596153846153846 0.6225961538461539 0.18269230769230768 0.2548076923076923
1 0.140625 0.6814903846153846 0.18028846153846154 0.2548076923076923
1 0.08653846153846154 0.859375 0.16826923076923078 0.2283653846153846
1 0.5793269230769231 0.9350961538461539 0.17548076923076922 0.125
1 0.7319711538461539 0.8004807692307693 0.1778846153846154 0.22596153846153846
1 0.8353365384615384 0.7932692307692307 0.13221153846153846 0.2403846153846154
1 0.9026442307692307 0.7403846153846154 0.19230769230769232 0.2956730769230769
1 0.9783653846153846 0.6418269230769231 0.040865384615384616 0.25240384615384615
1 0.9711538461538461 0.921875 0.052884615384615384 0.15144230769230768
1 0.9242788461538461 0.2860576923076923 0.14903846153846154 0.20192307692307693
1 0.765625 0.29447115384615385 0.2692307692307692 0.28125
1 0.6021634615384616 0.08413461538461539 0.1778846153846154 0.16826923076923078
1 0.4951923076923077 0.3954326923076923 0.17307692307692307 0.19951923076923078
1 0.6189903846153846 0.5997596153846154 0.17307692307692307 0.19951923076923078
0 0.27403846153846156 0.7788461538461539 0.0625 0.10096153846153846
0 0.21033653846153846 0.8137019230769231 0.0625 0.10096153846153846
0 0.3173076923076923 0.9495192307692307 0.0625 0.09615384615384616
1 0.23798076923076922 0.0733173076923077 0.20673076923076922 0.14182692307692307