1 0.5012019230769231 0.6430288461538461 0.1778846153846154 0.1778846153846154
1 0.34975961538461536 0.47716346153846156 0.1778846153846154 0.1778846153846154
1 0.5348557692307693 0.46634615384615385 0.20673076923076922 0.16826923076923078
1 0.9086538461538461 0.4543269230769231 0.1778846153846154 0.17307692307692307
1 0.890625 0.2512019230769231 0.21634615384615385 0.17307692307692307
1 0.7740384615384616 0.5721153846153846 0.22115384615384615 0.1875
1 0.8461538461538461 0.8930288461538461 0.21394230769230768 0.18509615384615385
1 0.29086538461538464 0.09134615384615384 0.20673076923076922 0.16826923076923078
1 0.11899038461538461 0.41947115384615385 0.20673076923076922 0.16826923076923078
1 0.6983173076923077 0.8762019230769231 0.20673076923076922 0.16826923076923078
1 0.9314903846153846 0.7680288461538461 0.13221153846153846 0.11298076923076923
1 0.07091346153846154 0.08533653846153846 0.13942307692307693 0.13221153846153846
1 0.3233173076923077 0.30649038461538464 0.1778846153846154 0.13942307692307693
1 0.10697115384615384 0.2776442307692308 0.1658653846153846 0.1201923076923077
2 0.14182692307692307 0.6033653846153846 0.25 0.24278846153846154
0 0.3173076923076923 0.609375 0.09615384615384616 0.06971153846153846
0 0.7764423076923077 0.4326923076923077 0.09615384615384616 0.06971153846153846