1 0.7848557692307693 0.7932692307692307 0.22115384615384615 0.18269230769230768
1 0.6430288461538461 0.8653846153846154 0.22115384615384615 0.18269230769230768
1 0.9302884615384616 0.5396634615384616 0.1346153846153846 0.18990384615384615
1 0.8485576923076923 0.5817307692307693 0.15865384615384615 0.1875
1 0.13341346153846154 0.859375 0.20673076923076922 0.18269230769230768
1 0.45072115384615385 0.109375 0.22596153846153846 0.18269230769230768
1 0.7439903846153846 0.30649038461538464 0.22596153846153846 0.18269230769230768
1 0.4014423076923077 0.9230769230769231 0.25 0.15144230769230768
1 0.8461538461538461 0.09014423076923077 0.30288461538461536 0.18028846153846154
2 0.22355769230769232 0.4651442307692308 0.42788461538461536 0.3629807692307692
0 0.6850961538461539 0.5192307692307693 0.08653846153846154 0.06490384615384616
0 0.5745192307692307 0.6850961538461539 0.08653846153846154 0.06490384615384616