1 0.33533653846153844 0.5661057692307693 0.20192307692307693 0.16826923076923078
1 0.9050480769230769 0.6826923076923077 0.18509615384615385 0.17307692307692307
1 0.6742788461538461 0.3425480769230769 0.2403846153846154 0.17067307692307693
1 0.6334134615384616 0.125 0.2692307692307692 0.20192307692307693
1 0.7055288461538461 0.6274038461538461 0.22115384615384615 0.18269230769230768
1 0.7415865384615384 0.9266826923076923 0.22355769230769232 0.14182692307692307
1 0.43149038461538464 0.3762019230769231 0.25 0.1658653846153846
1 0.5240384615384616 0.8209134615384616 0.27163461538461536 0.1875
1 0.1935096153846154 0.1814903846153846 0.25961538461538464 0.1875
1 0.08413461538461539 0.7836538461538461 0.16346153846153846 0.17067307692307693
0 0.25721153846153844 0.7596153846153846 0.09375 0.0889423076923077
0 0.42908653846153844 0.6514423076923077 0.09375 0.07211538461538461
0 0.3088942307692308 0.4483173076923077 0.10096153846153846 0.07211538461538461
2 0.12259615384615384 0.41947115384615385 0.2403846153846154 0.2620192307692308