1 0.4206730769230769 0.31490384615384615 0.20673076923076922 0.2620192307692308
1 0.8112980769230769 0.38341346153846156 0.12980769230769232 0.18028846153846154
1 0.6682692307692307 0.3016826923076923 0.1658653846153846 0.1875
1 0.6875 0.5997596153846154 0.14903846153846154 0.16826923076923078
1 0.5192307692307693 0.5372596153846154 0.17307692307692307 0.18269230769230768
1 0.3581730769230769 0.7451923076923077 0.14423076923076922 0.19230769230769232
1 0.18389423076923078 0.7848557692307693 0.16826923076923078 0.23076923076923078
1 0.5384615384615384 0.8545673076923077 0.18269230769230768 0.21153846153846154
1 0.7944711538461539 0.78125 0.1778846153846154 0.22596153846153846
1 0.19951923076923078 0.3233173076923077 0.15625 0.19230769230769232
1 0.1466346153846154 0.5348557692307693 0.16826923076923078 0.2403846153846154
1 0.5612980769230769 0.12379807692307693 0.17067307692307693 0.22115384615384615
2 0.8137019230769231 0.16706730769230768 0.3701923076923077 0.3293269230769231