1 0.203125 0.27403846153846156 0.16346153846153846 0.21394230769230768
1 0.1502403846153846 0.5024038461538461 0.19471153846153846 0.28846153846153844
1 0.36778846153846156 0.5552884615384616 0.17307692307692307 0.22115384615384615
1 0.8834134615384616 0.33533653846153844 0.16346153846153846 0.19951923076923078
1 0.6442307692307693 0.16706730769230768 0.19951923076923078 0.21153846153846154
1 0.7980769230769231 0.7211538461538461 0.14423076923076922 0.16826923076923078
1 0.4338942307692308 0.24759615384615385 0.17307692307692307 0.23317307692307693
1 0.8341346153846154 0.22716346153846154 0.14903846153846154 0.20432692307692307
1 0.6550480769230769 0.765625 0.14423076923076922 0.18028846153846154
1 0.6201923076923077 0.42908653846153844 0.15865384615384615 0.17307692307692307
1 0.7800480769230769 0.4795673076923077 0.15865384615384615 0.20192307692307693
1 0.6598557692307693 0.5048076923076923 0.14903846153846154 0.16105769230769232
1 0.203125 0.7103365384615384 0 0
2 0.4050480769230769 0.84375 0.4230769230769231 0.3076923076923077