1 0.6346153846153846 0.7127403846153846 0.23798076923076922 0.18269230769230768
1 0.2403846153846154 0.3581730769230769 0.23798076923076922 0.18269230769230768
1 0.71875 0.2824519230769231 0.23798076923076922 0.18269230769230768
1 0.49278846153846156 0.44350961538461536 0.25 0.11538461538461539
1 0.390625 0.6911057692307693 0.24519230769230768 0.1971153846153846
1 0.8786057692307693 0.49278846153846156 0.23076923076923078 0.17067307692307693
1 0.8449519230769231 0.6875 0.20673076923076922 0.20432692307692307
1 0.5576923076923077 0.13221153846153846 0.23798076923076922 0.18269230769230768
1 0.8942307692307693 0.16706730769230768 0.20673076923076922 0.16105769230769232
1 0.0733173076923077 0.40625 0.1466346153846154 0.1875
1 0.4891826923076923 0.5168269230769231 0.23557692307692307 0.18269230769230768
1 0.8353365384615384 0.8161057692307693 0.20673076923076922 0.19471153846153846
2 0.16466346153846154 0.6346153846153846 0.3293269230769231 0.3485576923076923