1 0.24278846153846154 0.8786057692307693 0.25240384615384615 0.1658653846153846
1 0.9014423076923077 0.7487980769230769 0.19230769230769232 0.1658653846153846
1 0.22596153846153846 0.3629807692307692 0.25961538461538464 0.16826923076923078
1 0.10336538461538461 0.2512019230769231 0.20673076923076922 0.19471153846153846
1 0.09735576923076923 0.08413461538461539 0.19471153846153846 0.16346153846153846
1 0.10096153846153846 0.5793269230769231 0.20192307692307693 0.1875
1 0.6490384615384616 0.16105769230769232 0.21153846153846154 0.16826923076923078
1 0.9122596153846154 0.21394230769230768 0.17067307692307693 0.15384615384615385
0 0.7944711538461539 0.8641826923076923 0.0889423076923077 0.08173076923076923
0 0.6887019230769231 0.3425480769230769 0.07932692307692307 0.052884615384615384
2 0.39903846153846156 0.5504807692307693 0.46153846153846156 0.3605769230769231
1 0.9014423076923077 0.5300480769230769 0.19230769230769232 0.1778846153846154
1 0.9254807692307693 0.8966346153846154 0.14423076923076922 0.16826923076923078