1 0.875 0.30649038461538464 0.17307692307692307 0.23317307692307693
1 0.25240384615384615 0.6430288461538461 0.1971153846153846 0.23076923076923078
1 0.23677884615384615 0.8942307692307693 0.19951923076923078 0.20673076923076922
1 0.0673076923076923 0.109375 0.12980769230769232 0.21634615384615385
1 0.3737980769230769 0.421875 0.14903846153846154 0.20432692307692307
1 0.18509615384615385 0.2512019230769231 0.17307692307692307 0.21394230769230768
1 0.7536057692307693 0.5853365384615384 0.17307692307692307 0.21394230769230768
1 0.8449519230769231 0.6153846153846154 0.19230769230769232 0.22596153846153846
1 0.6646634615384616 0.23557692307692307 0.16826923076923078 0.22596153846153846
1 0.30288461538461536 0.4338942307692308 0.14182692307692307 0.18269230769230768
2 0.7007211538461539 0.8942307692307693 0.27403846153846156 0.20673076923076922
2 0.5288461538461539 0.7115384615384616 0.3605769230769231 0.5216346153846154