1 0.19831730769230768 0.41346153846153844 0.15144230769230768 0.17307692307692307
1 0.6165865384615384 0.6887019230769231 0.24278846153846154 0.17307692307692307
1 0.6442307692307693 0.4735576923076923 0.24278846153846154 0.17307692307692307
1 0.5444711538461539 0.8557692307692307 0.24519230769230768 0.18509615384615385
1 0.890625 0.4074519230769231 0.21394230769230768 0.18509615384615385
1 0.296875 0.16466346153846154 0.20432692307692307 0.1346153846153846
1 0.07692307692307693 0.8161057692307693 0.14903846153846154 0.14423076923076922
1 0.07692307692307693 0.5733173076923077 0.14903846153846154 0.1875
1 0.7620192307692307 0.1141826923076923 0.23076923076923078 0.16346153846153846
1 0.8257211538461539 0.06129807692307692 0.27163461538461536 0.11778846153846154
2 0.3581730769230769 0.5913461538461539 0.29086538461538464 0.23076923076923078
0 0.5060096153846154 0.4963942307692308 0.07692307692307693 0.04567307692307692