1 0.5072115384615384 0.30528846153846156 0.22596153846153846 0.16346153846153846
1 0.53125 0.3858173076923077 0.28365384615384615 0.16826923076923078
1 0.5661057692307693 0.11298076923076923 0.24519230769230768 0.19230769230769232
1 0.7728365384615384 0.06850961538461539 0.21634615384615385 0.1346153846153846
1 0.5480769230769231 0.5865384615384616 0.24278846153846154 0.18028846153846154
1 0.31009615384615385 0.8966346153846154 0.21153846153846154 0.15144230769230768
1 0.7956730769230769 0.9146634615384616 0.21634615384615385 0.15144230769230768
1 0.1141826923076923 0.078125 0.18509615384615385 0.1466346153846154
1 0.3293269230769231 0.5540865384615384 0.1971153846153846 0.14423076923076922
1 0.8713942307692307 0.8149038461538461 0.2548076923076923 0.1971153846153846
1 0.8521634615384616 0.5024038461538461 0.22115384615384615 0.20673076923076922
2 0.17427884615384615 0.36658653846153844 0.3485576923076923 0.3701923076923077