0 0.71875 0.5673076923076923 0.0985576923076923 0.10576923076923077
2 0.6598557692307693 0.140625 0.20432692307692307 0.18269230769230768
1 0.4375 0.7007211538461539 0.1778846153846154 0.23557692307692307
1 0.7331730769230769 0.8641826923076923 0.1778846153846154 0.23557692307692307
1 0.9098557692307693 0.8341346153846154 0.17548076923076922 0.2403846153846154
1 0.8209134615384616 0.4639423076923077 0.1778846153846154 0.23557692307692307
1 0.8569711538461539 0.11057692307692307 0.1778846153846154 0.21634615384615385
1 0.5384615384615384 0.39302884615384615 0.1778846153846154 0.23557692307692307
0 0.6201923076923077 0.2439903846153846 0.057692307692307696 0.0673076923076923
1 0.12860576923076922 0.30649038461538464 0.1778846153846154 0.23557692307692307
1 0.052884615384615384 0.3112980769230769 0.10576923076923077 0.2283653846153846
1 0.19471153846153846 0.5516826923076923 0.1778846153846154 0.23557692307692307
1 0.29927884615384615 0.37740384615384615 0.1778846153846154 0.23557692307692307
1 0.30288461538461536 0.11538461538461539 0.1778846153846154 0.22596153846153846
1 0.29927884615384615 0.11778846153846154 0.1778846153846154 0.23076923076923078
1 0.24278846153846154 0.828125 0.1778846153846154 0.23557692307692307
1 0.8269230769230769 0.7884615384615384 0.1778846153846154 0.23557692307692307
1 0.9591346153846154 0.3581730769230769 0.07692307692307693 0.22596153846153846
1 0.1658653846153846 0.09615384615384616 0.18269230769230768 0.1875
1 0.07572115384615384 0.6346153846153846 0.15144230769230768 0.2403846153846154
1 0.1310096153846154 0.9122596153846154 0.18269230769230768 0.17307692307692307
1 0.3389423076923077 0.9122596153846154 0.18269230769230768 0.17307692307692307
0 0.13581730769230768 0.7175480769230769 0.057692307692307696 0.07211538461538461