1 0.9326923076923077 0.35697115384615385 0.12980769230769232 0.23798076923076922
1 0.5072115384615384 0.1045673076923077 0.19230769230769232 0.20432692307692307
1 0.2824519230769231 0.1875 0.19230769230769232 0.25240384615384615
1 0.06971153846153846 0.5841346153846154 0.13701923076923078 0.24519230769230768
1 0.23918269230769232 0.6081730769230769 0.16826923076923078 0.22115384615384615
1 0.5360576923076923 0.4519230769230769 0.18269230769230768 0.23557692307692307
1 0.53125 0.6442307692307693 0.18028846153846154 0.27403846153846156
1 0.625 0.7896634615384616 0.19951923076923078 0.20673076923076922
1 0.4831730769230769 0.90625 0.20192307692307693 0.18269230769230768
1 0.7632211538461539 0.48197115384615385 0.23557692307692307 0.3125
1 0.18028846153846154 0.38341346153846156 0.23076923076923078 0.2668269230769231
1 0.6153846153846154 0.25961538461538464 0.18509615384615385 0.23076923076923078
2 0.2283653846153846 0.8677884615384616 0.36538461538461536 0.25961538461538464