1 0.09375 0.16706730769230768 0.1875 0.18028846153846154
1 0.5432692307692307 0.3870192307692308 0.25240384615384615 0.1778846153846154
1 0.8810096153846154 0.16466346153846154 0.23557692307692307 0.13942307692307693
1 0.2776442307692308 0.07572115384615384 0.2403846153846154 0.13942307692307693
1 0.8762019230769231 0.3269230769230769 0.24519230769230768 0.1778846153846154
1 0.09735576923076923 0.3870192307692308 0.19471153846153846 0.1778846153846154
1 0.27403846153846156 0.8497596153846154 0.25 0.2091346153846154
1 0.15264423076923078 0.5348557692307693 0.22115384615384615 0.1875
1 0.5264423076923077 0.9158653846153846 0.22596153846153846 0.16346153846153846
1 0.4735576923076923 0.29447115384615385 0.2644230769230769 0.1778846153846154
1 0.671875 0.2956730769230769 0.22596153846153846 0.15865384615384615
2 0.8545673076923077 0.8353365384615384 0.29086538461538464 0.3245192307692308
0 0.42427884615384615 0.171875 0.09134615384615384 0.07692307692307693