1 0.25721153846153844 0.23076923076923078 0.18509615384615385 0.2860576923076923
1 0.7632211538461539 0.5456730769230769 0.1971153846153846 0.24278846153846154
1 0.8449519230769231 0.7319711538461539 0.15384615384615385 0.24759615384615385
1 0.6298076923076923 0.6850961538461539 0.19471153846153846 0.25721153846153844
1 0.9350961538461539 0.2620192307692308 0.125 0.2548076923076923
1 0.09975961538461539 0.203125 0.1466346153846154 0.23557692307692307
1 0.26802884615384615 0.6430288461538461 0.17307692307692307 0.23076923076923078
1 0.15384615384615385 0.453125 0.22355769230769232 0.20673076923076922
1 0.46274038461538464 0.9302884615384616 0.18990384615384615 0.1346153846153846
1 0.7115384615384616 0.11778846153846154 0.2283653846153846 0.23317307692307693
0 0.4026442307692308 0.5276442307692307 0.07211538461538461 0.08653846153846154
0 0.8822115384615384 0.021634615384615384 0.0673076923076923 0.038461538461538464
2 0.45552884615384615 0.2512019230769231 0.28846153846153844 0.3629807692307692