1 0.10576923076923077 0.15504807692307693 0.17067307692307693 0.2548076923076923
1 0.051682692307692304 0.30528846153846156 0.10096153846153846 0.20673076923076922
1 0.10576923076923077 0.49399038461538464 0.18509615384615385 0.24519230769230768
1 0.71875 0.45552884615384615 0.16105769230769232 0.22355769230769232
1 0.4230769230769231 0.13341346153846154 0.1346153846153846 0.22596153846153846
1 0.3557692307692308 0.1310096153846154 0.16105769230769232 0.22355769230769232
1 0.7944711538461539 0.8233173076923077 0.1875 0.25961538461538464
1 0.17067307692307693 0.9170673076923077 0.1875 0.16105769230769232
1 0.8040865384615384 0.11057692307692307 0.16346153846153846 0.21634615384615385
1 0.7055288461538461 0.17908653846153846 0.14903846153846154 0.17548076923076922
1 0.36778846153846156 0.3605769230769231 0.15865384615384615 0.21634615384615385
2 0.5540865384615384 0.65625 0.3173076923076923 0.4375
0 0.1346153846153846 0.6959134615384616 0.052884615384615384 0.08653846153846154