2 0.2824519230769231 0.375 0.31490384615384615 0.38221153846153844
1 0.08413461538461539 0.4579326923076923 0.14423076923076922 0.27403846153846156
1 0.71875 0.8016826923076923 0.17307692307692307 0.25961538461538464
1 0.9098557692307693 0.8401442307692307 0.17307692307692307 0.25961538461538464
1 0.8052884615384616 0.8725961538461539 0.17307692307692307 0.25
1 0.4230769230769231 0.9278846153846154 0.1971153846153846 0.13942307692307693
1 0.265625 0.9278846153846154 0.1971153846153846 0.13942307692307693
1 0.2512019230769231 0.8786057692307693 0.19471153846153846 0.18269230769230768
1 0.6574519230769231 0.4074519230769231 0.17307692307692307 0.20673076923076922
1 0.8569711538461539 0.5096153846153846 0.17307692307692307 0.2091346153846154
1 0.5528846153846154 0.5444711538461539 0.22115384615384615 0.2548076923076923
1 0.9074519230769231 0.17908653846153846 0.13942307692307693 0.21153846153846154
1 0.021634615384615384 0.3894230769230769 0.038461538461538464 0.30288461538461536
1 0.21754807692307693 0.0889423076923077 0.25 0.1778846153846154
1 0.40384615384615385 0.625 0.14423076923076922 0.19230769230769232
1 0.3088942307692308 0.7067307692307693 0.1778846153846154 0.20673076923076922
1 0.5685096153846154 0.36899038461538464 0.17307692307692307 0.20673076923076922