1 0.828125 0.7776442307692307 0.20673076923076922 0.15865384615384615
1 0.46875 0.8197115384615384 0.20673076923076922 0.15865384615384615
1 0.9038461538461539 0.07572115384615384 0.1875 0.1466346153846154
1 0.6382211538461539 0.078125 0.2091346153846154 0.15144230769230768
1 0.3473557692307692 0.16826923076923078 0.20673076923076922 0.15865384615384615
1 0.2247596153846154 0.6213942307692307 0.21153846153846154 0.18269230769230768
1 0.43028846153846156 0.9134615384615384 0.27403846153846156 0.17067307692307693
1 0.38341346153846156 0.4795673076923077 0.1778846153846154 0.1658653846153846
1 0.6526442307692307 0.6045673076923077 0.19230769230769232 0.16105769230769232
1 0.09735576923076923 0.6322115384615384 0.18990384615384615 0.16346153846153846
0 0.06490384615384616 0.32091346153846156 0.09134615384615384 0.06971153846153846
0 0.16466346153846154 0.8894230769230769 0.0673076923076923 0.057692307692307696
0 0.4891826923076923 0.14182692307692307 0.08173076923076923 0.0625
0 0.8762019230769231 0.18028846153846154 0.07692307692307693 0.07211538461538461
0 0.9795673076923077 0.43149038461538464 0.036057692307692304 0.06490384615384616
2 0.6887019230769231 0.3233173076923077 0.47115384615384615 0.3798076923076923