1 0.7860576923076923 0.05889423076923077 0.2403846153846154 0.11298076923076923
1 0.9350961538461539 0.390625 0.125 0.2091346153846154
1 0.9423076923076923 0.2848557692307692 0.11057692307692307 0.16826923076923078
1 0.8533653846153846 0.8725961538461539 0.19230769230769232 0.14423076923076922
1 0.71875 0.5625 0.19230769230769232 0.18028846153846154
1 0.17908653846153846 0.9110576923076923 0.23076923076923078 0.17548076923076922
1 0.38221153846153844 0.16947115384615385 0.19230769230769232 0.13701923076923078
1 0.6262019230769231 0.26802884615384615 0.19230769230769232 0.13701923076923078
1 0.5540865384615384 0.140625 0.2403846153846154 0.18509615384615385
1 0.6875 0.7860576923076923 0.14903846153846154 0.17067307692307693
1 0.6394230769230769 0.9302884615384616 0.19230769230769232 0.1346153846153846
2 0.3449519230769231 0.6622596153846154 0.5408653846153846 0.43028846153846156