1 0.6899038461538461 0.4206730769230769 0.27403846153846156 0.21394230769230768
1 0.6189903846153846 0.8257211538461539 0.1875 0.13701923076923078
1 0.703125 0.6790865384615384 0.19471153846153846 0.17307692307692307
1 0.3942307692307692 0.6983173076923077 0.17307692307692307 0.15625
1 0.45913461538461536 0.5228365384615384 0.18990384615384615 0.1778846153846154
1 0.2439903846153846 0.3557692307692308 0.20192307692307693 0.14903846153846154
1 0.20192307692307693 0.17548076923076922 0.2403846153846154 0.17548076923076922
1 0.12980769230769232 0.5432692307692307 0.22115384615384615 0.19230769230769232
1 0.20552884615384615 0.8088942307692307 0.23317307692307693 0.18269230769230768
1 0.6814903846153846 0.19110576923076922 0.19951923076923078 0.16346153846153846
1 0.46153846153846156 0.13581730769230768 0.25 0.17548076923076922
1 0.8858173076923077 0.5685096153846154 0.22596153846153846 0.1778846153846154
2 0.8353365384615384 0.8173076923076923 0.3245192307692308 0.3605769230769231