1 0.6514423076923077 0.6502403846153846 0.16826923076923078 0.2644230769230769
1 0.8221153846153846 0.6971153846153846 0.18269230769230768 0.25961538461538464
1 0.4651442307692308 0.4375 0.18990384615384615 0.3004807692307692
1 0.12980769230769232 0.21754807692307693 0.1778846153846154 0.22596153846153846
1 0.5168269230769231 0.7836538461538461 0.15865384615384615 0.22115384615384615
1 0.75 0.9242788461538461 0.15865384615384615 0.1466346153846154
1 0.17427884615384615 0.5276442307692307 0.15865384615384615 0.22115384615384615
1 0.109375 0.8245192307692307 0.19230769230769232 0.25
1 0.9423076923076923 0.5216346153846154 0.11057692307692307 0.2403846153846154
1 0.28725961538461536 0.20793269230769232 0.13942307692307693 0.20673076923076922
1 0.3245192307692308 0.6923076923076923 0.15865384615384615 0.22115384615384615
2 0.640625 0.1658653846153846 0.32211538461538464 0.3269230769230769