1 0.5649038461538461 0.7536057692307693 0.19230769230769232 0.21153846153846154
1 0.8245192307692307 0.7163461538461539 0.19230769230769232 0.21394230769230768
1 0.8112980769230769 0.5913461538461539 0.19230769230769232 0.21394230769230768
1 0.7427884615384616 0.3701923076923077 0.19230769230769232 0.1778846153846154
1 0.36899038461538464 0.4879807692307692 0.14903846153846154 0.21875
1 0.2127403846153846 0.39903846153846156 0.15144230769230768 0.21875
1 0.11899038461538461 0.7908653846153846 0.14903846153846154 0.21875
1 0.4375 0.08774038461538461 0.16346153846153846 0.17067307692307693
1 0.3942307692307692 0.6923076923076923 0.16105769230769232 0.18990384615384615
1 0.5252403846153846 0.3137019230769231 0.16826923076923078 0.21153846153846154
1 0.9362980769230769 0.19230769230769232 0.125 0.2403846153846154
1 0.0889423076923077 0.14423076923076922 0.17307692307692307 0.21634615384615385
2 0.7043269230769231 0.15264423076923078 0.33653846153846156 0.3004807692307692