1 0.4891826923076923 0.18389423076923078 0.20673076923076922 0.1778846153846154
1 0.40024038461538464 0.26802884615384615 0.20673076923076922 0.1778846153846154
1 0.8245192307692307 0.33052884615384615 0.20673076923076922 0.1778846153846154
1 0.7331730769230769 0.09495192307692307 0.2403846153846154 0.1875
1 0.7524038461538461 0.17668269230769232 0.22115384615384615 0.16346153846153846
1 0.5504807692307693 0.6322115384615384 0.20673076923076922 0.1778846153846154
1 0.1502403846153846 0.46875 0.20673076923076922 0.1778846153846154
1 0.25961538461538464 0.0829326923076923 0.21153846153846154 0.16346153846153846
1 0.84375 0.546875 0.20673076923076922 0.1778846153846154
1 0.8161057692307693 0.8737980769230769 0.20673076923076922 0.18028846153846154
1 0.25240384615384615 0.8774038461538461 0.20673076923076922 0.18028846153846154
1 0.3161057692307692 0.71875 0.20673076923076922 0.18028846153846154
1 0.10216346153846154 0.8377403846153846 0.20192307692307693 0.1346153846153846
1 0.6021634615384616 0.8064903846153846 0.2548076923076923 0.2283653846153846
1 0.078125 0.28966346153846156 0.15384615384615385 0.15384615384615385
2 0.10697115384615384 0.6814903846153846 0.21153846153846154 0.1875
0 0.8004807692307693 0.40024038461538464 0.0625 0.055288461538461536