1 0.8401442307692307 0.6838942307692307 0.1971153846153846 0.18269230769230768
1 0.8774038461538461 0.8701923076923077 0.19230769230769232 0.1778846153846154
1 0.28125 0.5793269230769231 0.1971153846153846 0.18269230769230768
1 0.19230769230769232 0.29447115384615385 0.2283653846153846 0.1875
1 0.4326923076923077 0.265625 0.23076923076923078 0.14903846153846154
1 0.6105769230769231 0.0625 0.27163461538461536 0.12259615384615384
1 0.5108173076923077 0.7019230769230769 0.21634615384615385 0.15384615384615385
1 0.7007211538461539 0.5444711538461539 0.21634615384615385 0.15384615384615385
1 0.7331730769230769 0.8377403846153846 0.19230769230769232 0.15865384615384615
1 0.16105769230769232 0.47836538461538464 0.2548076923076923 0.1778846153846154
2 0.7019230769230769 0.36177884615384615 0.28125 0.2091346153846154
0 0.4375 0.7632211538461539 0.06971153846153846 0.052884615384615384
2 0.3125 0.06129807692307692 0.2644230769230769 0.1201923076923077