1 0.8677884615384616 0.484375 0.23317307692307693 0.19230769230769232
1 0.5985576923076923 0.7295673076923077 0.21634615384615385 0.16826923076923078
1 0.41225961538461536 0.9014423076923077 0.2692307692307692 0.19471153846153846
1 0.32091346153846156 0.6947115384615384 0.2692307692307692 0.19471153846153846
1 0.5709134615384616 0.14783653846153846 0.15865384615384615 0.19230769230769232
1 0.12259615384615384 0.5456730769230769 0.19230769230769232 0.15384615384615385
1 0.2704326923076923 0.5600961538461539 0.19230769230769232 0.15384615384615385
1 0.07692307692307693 0.12139423076923077 0.14903846153846154 0.15384615384615385
1 0.17908653846153846 0.9423076923076923 0.19230769230769232 0.11298076923076923
2 0.390625 0.078125 0.29086538461538464 0.15144230769230768
0 0.7536057692307693 0.054086538461538464 0.08653846153846154 0.0673076923076923
0 0.7247596153846154 0.6262019230769231 0.08173076923076923 0.057692307692307696
0 0.7475961538461539 0.5637019230769231 0.08173076923076923 0.057692307692307696
0 0.7920673076923077 0.6706730769230769 0.08653846153846154 0.0673076923076923