1 0.14543269230769232 0.19951923076923078 0.22115384615384615 0.1971153846153846
1 0.5336538461538461 0.47475961538461536 0.17067307692307693 0.18269230769230768
1 0.328125 0.3786057692307692 0.22596153846153846 0.16346153846153846
1 0.6670673076923077 0.3269230769230769 0.23076923076923078 0.1875
1 0.9026442307692307 0.30528846153846156 0.19230769230769232 0.1875
1 0.10336538461538461 0.859375 0.20192307692307693 0.19471153846153846
1 0.3076923076923077 0.9182692307692307 0.20192307692307693 0.16105769230769232
1 0.8076923076923077 0.8978365384615384 0.21634615384615385 0.19951923076923078
1 0.921875 0.7608173076923077 0.15144230769230768 0.18028846153846154
1 0.921875 0.5853365384615384 0.15144230769230768 0.18028846153846154
1 0.7295673076923077 0.11177884615384616 0.22596153846153846 0.17067307692307693
1 0.24278846153846154 0.4098557692307692 0.22596153846153846 0.17067307692307693
1 0.16947115384615385 0.6502403846153846 0.18269230769230768 0.16346153846153846
1 0.7716346153846154 0.6153846153846154 0.2644230769230769 0.20192307692307693
1 0.6081730769230769 0.052884615384615384 0.21153846153846154 0.10336538461538461
1 0.6129807692307693 0.9230769230769231 0.20673076923076922 0.14903846153846154
0 0.10817307692307693 0.5168269230769231 0.10336538461538461 0.0889423076923077
0 0.4639423076923077 0.109375 0.13942307692307693 0.10096153846153846
2 0.4699519230769231 0.75 0.42788461538461536 0.3389423076923077