1 0.6826923076923077 0.055288461538461536 0.21634615384615385 0.10817307692307693
1 0.8473557692307693 0.38461538461538464 0.21634615384615385 0.19951923076923078
1 0.5721153846153846 0.234375 0.21875 0.15384615384615385
1 0.4891826923076923 0.8870192307692307 0.2403846153846154 0.16346153846153846
1 0.9182692307692307 0.6346153846153846 0.15865384615384615 0.14903846153846154
1 0.9146634615384616 0.19591346153846154 0.16826923076923078 0.17067307692307693
1 0.10817307692307693 0.07211538461538461 0.21153846153846154 0.14182692307692307
1 0.5048076923076923 0.7139423076923077 0.21634615384615385 0.16346153846153846
1 0.6165865384615384 0.3954326923076923 0.22596153846153846 0.19951923076923078
1 0.7620192307692307 0.5612980769230769 0.21634615384615385 0.18269230769230768
1 0.41586538461538464 0.21514423076923078 0.15384615384615385 0.125
2 0.33653846153846156 0.5024038461538461 0.46153846153846156 0.3605769230769231