1 0.234375 0.34375 0.1875 0.2091346153846154
1 0.18990384615384615 0.6887019230769231 0.19230769230769232 0.24759615384615385
1 0.29086538461538464 0.8605769230769231 0.15865384615384615 0.23557692307692307
1 0.43509615384615385 0.4567307692307692 0.18269230769230768 0.27884615384615385
1 0.5661057692307693 0.22355769230769232 0.17548076923076922 0.22596153846153846
1 0.3786057692307692 0.15144230769230768 0.21634615384615385 0.24278846153846154
1 0.6322115384615384 0.09495192307692307 0.1971153846153846 0.18509615384615385
1 0.4375 0.8858173076923077 0.17307692307692307 0.1971153846153846
1 0.3762019230769231 0.7307692307692307 0.17307692307692307 0.1971153846153846
2 0.7439903846153846 0.6394230769230769 0.2932692307692308 0.3557692307692308
0 0.10336538461538461 0.04326923076923077 0.07211538461538461 0.08173076923076923
0 0.8629807692307693 0.484375 0.07211538461538461 0.10336538461538461