1 0.5697115384615384 0.6322115384615384 0.22596153846153846 0.14903846153846154
1 0.9002403846153846 0.6117788461538461 0.19471153846153846 0.18028846153846154
1 0.8581730769230769 0.35697115384615385 0.19951923076923078 0.13221153846153846
1 0.3161057692307692 0.8317307692307693 0.20673076923076922 0.14423076923076922
1 0.4735576923076923 0.7620192307692307 0.21634615384615385 0.15625
1 0.6971153846153846 0.8497596153846154 0.21634615384615385 0.15625
1 0.12379807692307693 0.5721153846153846 0.2403846153846154 0.18269230769230768
1 0.4951923076923077 0.057692307692307696 0.23798076923076922 0.11298076923076923
1 0.14783653846153846 0.4230769230769231 0.2548076923076923 0.17067307692307693
1 0.8990384615384616 0.12379807692307693 0.1971153846153846 0.15625
2 0.5661057692307693 0.31850961538461536 0.34134615384615385 0.28846153846153844
0 0.46875 0.8846153846153846 0.07211538461538461 0.055288461538461536
0 0.9711538461538461 0.3112980769230769 0.052884615384615384 0.06009615384615385
0 0.8737980769230769 0.09975961538461539 0.052884615384615384 0.03365384615384615
0 0.7175480769230769 0.6598557692307693 0.07211538461538461 0.057692307692307696