1 0.27884615384615385 0.7668269230769231 0.1971153846153846 0.27403846153846156
1 0.6875 0.6586538461538461 0.21875 0.27403846153846156
1 0.9146634615384616 0.5084134615384616 0.16826923076923078 0.1971153846153846
1 0.9411057692307693 0.9050480769230769 0.11298076923076923 0.18990384615384615
1 0.7235576923076923 0.15144230769230768 0.19951923076923078 0.23557692307692307
1 0.7560096153846154 0.38341346153846156 0.19951923076923078 0.23557692307692307
1 0.484375 0.9266826923076923 0.18509615384615385 0.14182692307692307
1 0.078125 0.11658653846153846 0.13942307692307693 0.18028846153846154
1 0.3425480769230769 0.16706730769230768 0.21394230769230768 0.24759615384615385
1 0.5168269230769231 0.1141826923076923 0.18509615384615385 0.22355769230769232
1 0.41346153846153844 0.7055288461538461 0.18028846153846154 0.23317307692307693
2 0.4987980769230769 0.4230769230769231 0.37259615384615385 0.44711538461538464