2 0.5901442307692307 0.8737980769230769 0.27163461538461536 0.24759615384615385
1 0.17307692307692307 0.7103365384615384 0.17307692307692307 0.25961538461538464
1 0.46634615384615385 0.6538461538461539 0.17307692307692307 0.25961538461538464
1 0.35336538461538464 0.4891826923076923 0.15384615384615385 0.3173076923076923
1 0.19951923076923078 0.4807692307692308 0.15865384615384615 0.24519230769230768
1 0.6694711538461539 0.6538461538461539 0.15865384615384615 0.24519230769230768
1 0.6442307692307693 0.359375 0.15865384615384615 0.24519230769230768
1 0.5504807692307693 0.12379807692307693 0.1778846153846154 0.24278846153846154
1 0.0889423076923077 0.21634615384615385 0.1778846153846154 0.2692307692307692
1 0.8581730769230769 0.9086538461538461 0.18269230769230768 0.1778846153846154
1 0.9495192307692307 0.6009615384615384 0.09615384615384616 0.23317307692307693
1 0.9435096153846154 0.3233173076923077 0.11057692307692307 0.3076923076923077
1 0.8401442307692307 0.20192307692307693 0.15625 0.22596153846153846
1 0.7019230769230769 0.15865384615384615 0.1971153846153846 0.27403846153846156
1 0.056490384615384616 0.3942307692307692 0.11298076923076923 0.25
1 0.8305288461538461 0.4723557692307692 0.17307692307692307 0.25961538461538464