1 0.4675480769230769 0.2247596153846154 0.2091346153846154 0.2283653846153846
1 0.30408653846153844 0.7379807692307693 0.1875 0.2403846153846154
1 0.4735576923076923 0.5120192307692307 0.15384615384615385 0.25
1 0.7788461538461539 0.25721153846153844 0.1778846153846154 0.23557692307692307
1 0.6213942307692307 0.45072115384615385 0.15865384615384615 0.23798076923076922
1 0.14783653846153846 0.11298076923076923 0.1658653846153846 0.22115384615384615
1 0.026442307692307692 0.6430288461538461 0.052884615384615384 0.29086538461538464
1 0.9134615384615384 0.4567307692307692 0.16826923076923078 0.2620192307692308
1 0.5408653846153846 0.7199519230769231 0.14423076923076922 0.21153846153846154
1 0.10096153846153846 0.9314903846153846 0.18990384615384615 0.13221153846153846
2 0.7512019230769231 0.7920673076923077 0.3894230769230769 0.4110576923076923