1 0.6550480769230769 0.16706730769230768 0.19230769230769232 0.18028846153846154
1 0.3137019230769231 0.6959134615384616 0.2644230769230769 0.18028846153846154
1 0.5685096153846154 0.9134615384615384 0.2644230769230769 0.17067307692307693
1 0.20552884615384615 0.06370192307692307 0.2668269230769231 0.12259615384615384
1 0.2548076923076923 0.19230769230769232 0.2548076923076923 0.19230769230769232
1 0.4098557692307692 0.16105769230769232 0.2548076923076923 0.19230769230769232
1 0.8581730769230769 0.0733173076923077 0.2403846153846154 0.14182692307692307
1 0.08653846153846154 0.5697115384615384 0.17307692307692307 0.18269230769230768
0 0.5264423076923077 0.04567307692307692 0.10096153846153846 0.08413461538461539
0 0.49158653846153844 0.3112980769230769 0.08653846153846154 0.08173076923076923
0 0.021634615384615384 0.057692307692307696 0.04326923076923077 0.07211538461538461
2 0.7271634615384616 0.5925480769230769 0.5432692307692307 0.5048076923076923