2 0.2956730769230769 0.5420673076923077 0.23798076923076922 0.28846153846153844
2 0.5697115384615384 0.0985576923076923 0.25 0.19230769230769232
1 0.3076923076923077 0.078125 0.17548076923076922 0.15144230769230768
1 0.1310096153846154 0.10576923076923077 0.17548076923076922 0.20673076923076922
1 0.18990384615384615 0.18389423076923078 0.17307692307692307 0.21634615384615385
1 0.6045673076923077 0.5564903846153846 0.17307692307692307 0.21634615384615385
1 0.7223557692307693 0.3858173076923077 0.1971153846153846 0.22596153846153846
1 0.9146634615384616 0.06370192307692307 0.16826923076923078 0.12259615384615384
1 0.9447115384615384 0.19951923076923078 0.10576923076923077 0.19230769230769232
1 0.9170673076923077 0.34134615384615385 0.16346153846153846 0.1971153846153846
1 0.9086538461538461 0.484375 0.18028846153846154 0.1971153846153846
1 0.9266826923076923 0.7379807692307693 0.14423076923076922 0.27403846153846156
1 0.8377403846153846 0.921875 0.23557692307692307 0.15384615384615385
0 0.41466346153846156 0.10817307692307693 0.09615384615384616 0.10096153846153846
0 0.18028846153846154 0.40865384615384615 0.0625 0.09375
0 0.5685096153846154 0.7175480769230769 0.0625 0.09375
0 0.6778846153846154 0.7620192307692307 0.0625 0.09375
1 0.5528846153846154 0.42788461538461536 0.17307692307692307 0.21634615384615385
1 0.4699519230769231 0.31009615384615385 0.17307692307692307 0.21634615384615385
1 0.10697115384615384 0.890625 0.19471153846153846 0.21394230769230768
1 0.05889423076923077 0.7536057692307693 0.11778846153846154 0.21153846153846154
1 0.13581730769230768 0.7608173076923077 0.15144230769230768 0.21153846153846154
1 0.0625 0.31850961538461536 0.125 0.28125
1 0.7151442307692307 0.49158653846153844 0.14423076923076922 0.16826923076923078