1 0.27403846153846156 0.07211538461538461 0.1875 0.13942307692307693
1 0.10336538461538461 0.11177884615384616 0.19230769230769232 0.21875
1 0.4699519230769231 0.2548076923076923 0.21153846153846154 0.2692307692307692
1 0.6634615384615384 0.05048076923076923 0.1778846153846154 0.09615384615384616
1 0.8954326923076923 0.5661057692307693 0.20432692307692307 0.25721153846153844
1 0.4110576923076923 0.8918269230769231 0.16105769230769232 0.21153846153846154
1 0.7427884615384616 0.16466346153846154 0.1971153846153846 0.23557692307692307
1 0.32572115384615385 0.48197115384615385 0.1971153846153846 0.23557692307692307
1 0.13221153846153846 0.5612980769230769 0.1971153846153846 0.23557692307692307
1 0.6310096153846154 0.9375 0.22596153846153846 0.1201923076923077
1 0.9326923076923077 0.8605769230769231 0.12980769230769232 0.22596153846153846
2 0.5877403846153846 0.6826923076923077 0.34615384615384615 0.43028846153846156