1 0.8677884615384616 0.4795673076923077 0.20432692307692307 0.22115384615384615
1 0.7115384615384616 0.44591346153846156 0.19471153846153846 0.14903846153846154
1 0.8389423076923077 0.20552884615384615 0.21153846153846154 0.18990384615384615
1 0.21634615384615385 0.3401442307692308 0.21153846153846154 0.1658653846153846
1 0.27884615384615385 0.5516826923076923 0.19230769230769232 0.17067307692307693
1 0.43990384615384615 0.5108173076923077 0.18509615384615385 0.15384615384615385
1 0.17548076923076922 0.6995192307692307 0.24278846153846154 0.20673076923076922
1 0.10096153846153846 0.2283653846153846 0.20192307692307693 0.15144230769230768
1 0.10697115384615384 0.13822115384615385 0.21394230769230768 0.18990384615384615
1 0.5865384615384616 0.3016826923076923 0.25 0.23557692307692307
1 0.4050480769230769 0.3233173076923077 0.19951923076923078 0.18028846153846154
1 0.828125 0.7199519230769231 0.2692307692307692 0.18509615384615385
1 0.48677884615384615 0.109375 0.22596153846153846 0.16826923076923078
2 0.703125 0.8954326923076923 0.45913461538461536 0.20432692307692307