2 0.7824519230769231 0.5384615384615384 0.25 0.30528846153846156
0 0.24879807692307693 0.6574519230769231 0.09134615384615384 0.07692307692307693
1 0.53125 0.30408653846153844 0.1971153846153846 0.2548076923076923
1 0.609375 0.1971153846153846 0.1346153846153846 0.21153846153846154
1 0.3401442307692308 0.40024038461538464 0.1658653846153846 0.19230769230769232
1 0.22115384615384615 0.39302884615384615 0.20192307692307693 0.20432692307692307
1 0.5516826923076923 0.5372596153846154 0.20192307692307693 0.2403846153846154
1 0.5841346153846154 0.6983173076923077 0.20192307692307693 0.2403846153846154
1 0.6983173076923077 0.8221153846153846 0.20192307692307693 0.2403846153846154
1 0.5012019230769231 0.9002403846153846 0.20432692307692307 0.19471153846153846
1 0.2764423076923077 0.890625 0.20432692307692307 0.21634615384615385
1 0.09254807692307693 0.328125 0.18269230769230768 0.19471153846153846
1 0.08413461538461539 0.21514423076923078 0.16346153846153846 0.20673076923076922
1 0.23918269230769232 0.11298076923076923 0.1778846153846154 0.22115384615384615
1 0.8064903846153846 0.17307692307692307 0.21634615384615385 0.27403846153846156
1 0.90625 0.27403846153846156 0.18269230769230768 0.2644230769230769
1 0.9411057692307693 0.4110576923076923 0.11298076923076923 0.28365384615384615
1 0.9483173076923077 0.5588942307692307 0.0985576923076923 0.28125
1 0.9519230769230769 0.6911057692307693 0.09134615384615384 0.23317307692307693
1 0.9519230769230769 0.7944711538461539 0.09134615384615384 0.23317307692307693
1 0.9242788461538461 0.8894230769230769 0.13701923076923078 0.21634615384615385
1 0.9290865384615384 0.9651442307692307 0.13942307692307693 0.06490384615384616
1 0.6069711538461539 0.05048076923076923 0.15865384615384615 0.10096153846153846
1 0.4963942307692308 0.07692307692307693 0.15625 0.15384615384615385