1 0.1814903846153846 0.8401442307692307 0.18028846153846154 0.19471153846153846
1 0.3317307692307692 0.7980769230769231 0.18269230769230768 0.21394230769230768
1 0.45552884615384615 0.4338942307692308 0.18269230769230768 0.21394230769230768
1 0.17668269230769232 0.4098557692307692 0.16346153846153846 0.19230769230769232
1 0.07091346153846154 0.5709134615384616 0.13942307692307693 0.25721153846153844
1 0.2824519230769231 0.5408653846153846 0.18509615384615385 0.25
1 0.8713942307692307 0.15865384615384615 0.18269230769230768 0.21394230769230768
1 0.8064903846153846 0.9050480769230769 0.18028846153846154 0.18509615384615385
1 0.5288461538461539 0.1466346153846154 0.19951923076923078 0.23076923076923078
1 0.25 0.14903846153846154 0.20192307692307693 0.27884615384615385
2 0.7259615384615384 0.6490384615384616 0.375 0.47596153846153844
0 0.45913461538461536 0.6959134615384616 0.057692307692307696 0.0673076923076923