2 0.7668269230769231 0.4050480769230769 0.3798076923076923 0.42788461538461536
1 0.2848557692307692 0.4182692307692308 0.19471153846153846 0.23317307692307693
1 0.11177884615384616 0.6742788461538461 0.19471153846153846 0.23317307692307693
1 0.3485576923076923 0.2283653846153846 0.17067307692307693 0.21153846153846154
1 0.203125 0.234375 0.17067307692307693 0.21153846153846154
1 0.09375 0.36899038461538464 0.17067307692307693 0.21153846153846154
1 0.08173076923076923 0.18389423076923078 0.16105769230769232 0.21394230769230768
1 0.36899038461538464 0.8149038461538461 0.17067307692307693 0.21153846153846154
1 0.42908653846153844 0.8149038461538461 0.17067307692307693 0.21153846153846154
1 0.5108173076923077 0.8533653846153846 0.17067307692307693 0.21153846153846154
1 0.5817307692307693 0.8689903846153846 0.17067307692307693 0.21153846153846154
1 0.7584134615384616 0.9122596153846154 0.18509615384615385 0.17067307692307693
1 0.9326923076923077 0.5108173076923077 0.12980769230769232 0.29086538461538464
1 0.5168269230769231 0.07451923076923077 0.1658653846153846 0.14423076923076922
1 0.6538461538461539 0.07451923076923077 0.1658653846153846 0.14423076923076922
1 0.9278846153846154 0.9206730769230769 0.13942307692307693 0.15384615384615385
1 0.6141826923076923 0.6358173076923077 0.1875 0.17307692307692307
1 0.17307692307692307 0.08533653846153846 0.25961538461538464 0.1658653846153846
1 0.7163461538461539 0.7608173076923077 0.13942307692307693 0.23557692307692307
1 0.21634615384615385 0.9122596153846154 0.20673076923076922 0.17067307692307693