1 0.32211538461538464 0.13701923076923078 0.27403846153846156 0.20673076923076922
1 0.6622596153846154 0.22596153846153846 0.27884615384615385 0.18269230769230768
1 0.3737980769230769 0.7596153846153846 0.23557692307692307 0.15865384615384615
1 0.11538461538461539 0.4639423076923077 0.23076923076923078 0.15865384615384615
1 0.08533653846153846 0.15985576923076922 0.16826923076923078 0.17307692307692307
1 0.6995192307692307 0.9338942307692307 0.23557692307692307 0.12740384615384615
1 0.5865384615384616 0.6826923076923077 0.23076923076923078 0.17067307692307693
1 0.7560096153846154 0.7776442307692307 0.22115384615384615 0.19230769230769232
1 0.7740384615384616 0.5877403846153846 0.22115384615384615 0.19230769230769232
1 0.6983173076923077 0.0625 0.2283653846153846 0.12259615384615384
1 0.18269230769230768 0.28725961538461536 0.22596153846153846 0.16346153846153846
1 0.8954326923076923 0.7860576923076923 0.16826923076923078 0.15625
1 0.10697115384615384 0.9098557692307693 0.21394230769230768 0.17548076923076922
1 0.3088942307692308 0.6237980769230769 0.3004807692307692 0.1201923076923077
1 0.8605769230769231 0.36899038461538464 0.23317307692307693 0.17307692307692307
1 0.4483173076923077 0.9194711538461539 0.23798076923076922 0.15625
1 0.921875 0.06610576923076923 0.15144230769230768 0.12980769230769232
0 0.9495192307692307 0.25600961538461536 0.09615384615384616 0.09615384615384616
0 0.8677884615384616 0.5024038461538461 0.052884615384615384 0.057692307692307696
2 0.49399038461538464 0.4411057692307692 0.49038461538461536 0.40865384615384615