1 0.09735576923076923 0.734375 0.1658653846153846 0.21394230769230768
1 0.40384615384615385 0.34134615384615385 0.1346153846153846 0.18269230769230768
1 0.8653846153846154 0.40024038461538464 0.1658653846153846 0.20432692307692307
1 0.24879807692307693 0.20793269230769232 0.1658653846153846 0.20432692307692307
1 0.8233173076923077 0.6370192307692307 0.16826923076923078 0.2403846153846154
1 0.9362980769230769 0.8485576923076923 0.125 0.18509615384615385
1 0.8088942307692307 0.9326923076923077 0.15865384615384615 0.12980769230769232
1 0.5480769230769231 0.9639423076923077 0.16826923076923078 0.0673076923076923
1 0.3245192307692308 0.9711538461538461 0.16346153846153846 0.052884615384615384
1 0.06009615384615385 0.21634615384615385 0.1201923076923077 0.1778846153846154
2 0.4254807692307692 0.6862980769230769 0.25240384615384615 0.32211538461538464
1 0.24158653846153846 0.7367788461538461 0.13701923076923078 0.22115384615384615
1 0.22235576923076922 0.5649038461538461 0.13701923076923078 0.22115384615384615
1 0.625 0.4423076923076923 0.14423076923076922 0.2403846153846154
1 0.515625 0.3173076923076923 0.1466346153846154 0.20432692307692307