1 0.30288461538461536 0.59375 0.1875 0.15865384615384615
1 0.25961538461538464 0.4230769230769231 0.19230769230769232 0.17307692307692307
1 0.18629807692307693 0.1778846153846154 0.22115384615384615 0.17307692307692307
1 0.5396634615384616 0.08533653846153846 0.22115384615384615 0.16826923076923078
1 0.546875 0.5829326923076923 0.22115384615384615 0.17307692307692307
1 0.7620192307692307 0.5901442307692307 0.22115384615384615 0.17307692307692307
1 0.8088942307692307 0.44711538461538464 0.25240384615384615 0.19230769230769232
1 0.6081730769230769 0.3425480769230769 0.21153846153846154 0.16346153846153846
1 0.6610576923076923 0.2439903846153846 0.24519230769230768 0.1778846153846154
1 0.4266826923076923 0.25600961538461536 0.18028846153846154 0.1778846153846154
1 0.8954326923076923 0.19230769230769232 0.20673076923076922 0.1875
1 0.7151442307692307 0.7127403846153846 0.22115384615384615 0.14182692307692307
1 0.6790865384615384 0.9194711538461539 0.22355769230769232 0.15625
1 0.4831730769230769 0.9074519230769231 0.20673076923076922 0.15865384615384615
1 0.3641826923076923 0.28125 0.23798076923076922 0.13221153846153846
2 0.19831730769230768 0.8076923076923077 0.3942307692307692 0.3557692307692308