1 0.2692307692307692 0.6754807692307693 0.21634615384615385 0.18990384615384615
1 0.7307692307692307 0.8112980769230769 0.25 0.22355769230769232
1 0.8173076923076923 0.5480769230769231 0.2764423076923077 0.17067307692307693
1 0.375 0.07091346153846154 0.2668269230769231 0.13942307692307693
1 0.43149038461538464 0.14903846153846154 0.2932692307692308 0.1971153846153846
1 0.7223557692307693 0.32211538461538464 0.2692307692307692 0.18269230769230768
1 0.1346153846153846 0.27524038461538464 0.2548076923076923 0.20673076923076922
1 0.17427884615384615 0.43149038461538464 0.20673076923076922 0.20673076923076922
1 0.08774038461538461 0.10817307692307693 0.17548076923076922 0.21153846153846154
1 0.07211538461538461 0.6694711538461539 0.13942307692307693 0.20432692307692307
1 0.8918269230769231 0.9146634615384616 0.19471153846153846 0.16826923076923078
1 0.8088942307692307 0.09254807692307693 0.2764423076923077 0.18028846153846154
1 0.3076923076923077 0.8882211538461539 0.22596153846153846 0.1658653846153846
1 0.5336538461538461 0.9495192307692307 0.25961538461538464 0.0985576923076923
1 0.5084134615384616 0.7920673076923077 0.25961538461538464 0.2644230769230769
2 0.4807692307692308 0.47596153846153844 0.47596153846153844 0.4423076923076923
0 0.055288461538461536 0.5168269230769231 0.10096153846153846 0.0673076923076923
0 0.7728365384615384 0.203125 0.11057692307692307 0.09615384615384616