2 0.15865384615384615 0.6802884615384616 0.29086538461538464 0.41346153846153844
2 0.578125 0.7584134615384616 0.43509615384615385 0.46634615384615385
1 0.3269230769230769 0.5649038461538461 0.16346153846153846 0.2548076923076923
1 0.16826923076923078 0.3918269230769231 0.16346153846153846 0.22596153846153846
1 0.11177884615384616 0.25600961538461536 0.1346153846153846 0.1875
1 0.484375 0.4326923076923077 0.1346153846153846 0.1875
1 0.5420673076923077 0.46033653846153844 0.1346153846153846 0.1875
1 0.4723557692307692 0.2247596153846154 0.1346153846153846 0.1875
1 0.5360576923076923 0.23677884615384615 0.1346153846153846 0.1875
1 0.5877403846153846 0.24759615384615385 0.1346153846153846 0.1875
1 0.7848557692307693 0.06610576923076923 0.15625 0.13221153846153846
1 0.5745192307692307 0.0673076923076923 0.1875 0.1346153846153846
1 0.3870192307692308 0.038461538461538464 0.1778846153846154 0.07692307692307693
1 0.06971153846153846 0.078125 0.13942307692307693 0.15625
1 0.734375 0.2668269230769231 0.21153846153846154 0.22596153846153846
1 0.9375 0.6069711538461539 0.12259615384615384 0.23557692307692307
1 0.9459134615384616 0.4495192307692308 0.10576923076923077 0.1875
1 0.9423076923076923 0.23677884615384615 0.11298076923076923 0.18269230769230768