1 0.5564903846153846 0.34615384615384615 0.3076923076923077 0.125
1 0.8245192307692307 0.29447115384615385 0.21634615384615385 0.19230769230769232
1 0.59375 0.20552884615384615 0.19471153846153846 0.15384615384615385
1 0.41346153846153844 0.16706730769230768 0.21153846153846154 0.17307692307692307
1 0.22716346153846154 0.4110576923076923 0.2403846153846154 0.18269230769230768
1 0.46153846153846156 0.48677884615384615 0.21153846153846154 0.17067307692307693
1 0.5949519230769231 0.625 0.20673076923076922 0.19230769230769232
1 0.18028846153846154 0.0985576923076923 0.2644230769230769 0.18509615384615385
1 0.7331730769230769 0.08413461538461539 0.23557692307692307 0.16826923076923078
1 0.8137019230769231 0.6009615384615384 0.2403846153846154 0.14903846153846154
1 0.8233173076923077 0.6947115384615384 0.25961538461538464 0.19951923076923078
1 0.3557692307692308 0.875 0.22355769230769232 0.16826923076923078
1 0.22956730769230768 0.8894230769230769 0.1971153846153846 0.15384615384615385
1 0.6646634615384616 0.8305288461538461 0.19230769230769232 0.15625
2 0.22596153846153846 0.6442307692307693 0.43990384615384615 0.3581730769230769
0 0.7956730769230769 0.48197115384615385 0.06490384615384616 0.04807692307692308
0 0.038461538461538464 0.78125 0.07211538461538461 0.04326923076923077