1 0.3161057692307692 0.7367788461538461 0.20192307692307693 0.27884615384615385
1 0.24158653846153846 0.3389423076923077 0.1971153846153846 0.21153846153846154
1 0.765625 0.5396634615384616 0.18269230769230768 0.20192307692307693
1 0.45913461538461536 0.5048076923076923 0.16826923076923078 0.19230769230769232
1 0.38461538461538464 0.9278846153846154 0.20673076923076922 0.13942307692307693
1 0.7872596153846154 0.7824519230769231 0.16346153846153846 0.21394230769230768
1 0.08052884615384616 0.8521634615384616 0.15865384615384615 0.22596153846153846
1 0.1622596153846154 0.6694711538461539 0.15865384615384615 0.25961538461538464
1 0.09495192307692307 0.07091346153846154 0.14903846153846154 0.13942307692307693
1 0.6634615384615384 0.8930288461538461 0.14903846153846154 0.2091346153846154
0 0.8305288461538461 0.1045673076923077 0.07932692307692307 0.09134615384615384
2 0.47596153846153844 0.22355769230769232 0.39903846153846156 0.4423076923076923