2 0.6045673076923077 0.13942307692307693 0.2668269230769231 0.27403846153846156
1 0.1971153846153846 0.3161057692307692 0.16826923076923078 0.2548076923076923
1 0.484375 0.3701923076923077 0.16826923076923078 0.2548076923076923
1 0.3737980769230769 0.5324519230769231 0.14903846153846154 0.3076923076923077
1 0.22355769230769232 0.5396634615384616 0.15625 0.2403846153846154
1 0.6838942307692307 0.3701923076923077 0.15384615384615385 0.2403846153846154
1 0.6598557692307693 0.6598557692307693 0.15384615384615385 0.2403846153846154
1 0.5673076923076923 0.8846153846153846 0.17307692307692307 0.22596153846153846
1 0.10336538461538461 0.796875 0.19230769230769232 0.25961538461538464
1 0.8677884615384616 0.10576923076923077 0.1778846153846154 0.20673076923076922
1 0.9555288461538461 0.4230769230769231 0.08653846153846154 0.2283653846153846
1 0.9483173076923077 0.6947115384615384 0.10096153846153846 0.30288461538461536
1 0.8509615384615384 0.8125 0.15384615384615385 0.22115384615384615
1 0.7151442307692307 0.8557692307692307 0.19230769230769232 0.2668269230769231
1 0.06971153846153846 0.625 0.1346153846153846 0.24519230769230768
1 0.8425480769230769 0.5492788461538461 0.16826923076923078 0.2548076923076923