2 0.828125 0.5348557692307693 0.3389423076923077 0.2860576923076923
1 0.5228365384615384 0.41586538461538464 0.20432692307692307 0.14903846153846154
1 0.27283653846153844 0.5925480769230769 0.21634615384615385 0.1658653846153846
1 0.234375 0.390625 0.21634615384615385 0.1658653846153846
1 0.26802884615384615 0.07932692307692307 0.27163461538461536 0.15384615384615385
1 0.6201923076923077 0.2980769230769231 0.2644230769230769 0.17307692307692307
1 0.6658653846153846 0.04807692307692308 0.25961538461538464 0.09615384615384616
1 0.5132211538461539 0.057692307692307696 0.18990384615384615 0.11538461538461539
1 0.3894230769230769 0.18990384615384615 0.1875 0.13221153846153846
1 0.06370192307692307 0.28365384615384615 0.12259615384615384 0.18990384615384615
1 0.421875 0.3317307692307692 0.21634615384615385 0.1658653846153846
1 0.9278846153846154 0.2548076923076923 0.13942307692307693 0.16826923076923078
1 0.9362980769230769 0.3557692307692308 0.12259615384615384 0.1346153846153846
1 0.5396634615384616 0.6887019230769231 0.21394230769230768 0.16826923076923078
1 0.5084134615384616 0.7439903846153846 0.15384615384615385 0.10336538461538461
1 0.5036057692307693 0.9350961538461539 0.22596153846153846 0.125
1 0.4026442307692308 0.9110576923076923 0.22355769230769232 0.13942307692307693
1 0.1141826923076923 0.9350961538461539 0.22355769230769232 0.12740384615384615
1 0.8882211538461539 0.9326923076923077 0.21875 0.12980769230769232
1 0.7391826923076923 0.8233173076923077 0.28365384615384615 0.19471153846153846
1 0.7307692307692307 0.6947115384615384 0.2283653846153846 0.1875
1 0.16826923076923078 0.5084134615384616 0.2644230769230769 0.1971153846153846