1 0.8942307692307693 0.5853365384615384 0.20192307692307693 0.19230769230769232
1 0.7211538461538461 0.1201923076923077 0.22596153846153846 0.20192307692307693
1 0.4855769230769231 0.11778846153846154 0.20673076923076922 0.1778846153846154
1 0.4855769230769231 0.23798076923076922 0.28365384615384615 0.19230769230769232
1 0.4423076923076923 0.3954326923076923 0.2980769230769231 0.08653846153846154
1 0.3245192307692308 0.4483173076923077 0.23557692307692307 0.16826923076923078
1 0.14423076923076922 0.12379807692307693 0.2403846153846154 0.17548076923076922
1 0.6670673076923077 0.6069711538461539 0.20432692307692307 0.25
1 0.6033653846153846 0.8954326923076923 0.2692307692307692 0.17548076923076922
1 0.07091346153846154 0.3894230769230769 0.13942307692307693 0.21153846153846154
1 0.20673076923076922 0.27884615384615385 0.2548076923076923 0.14423076923076922
1 0.8858173076923077 0.25600961538461536 0.22355769230769232 0.19951923076923078
2 0.3581730769230769 0.7247596153846154 0.5600961538461539 0.5480769230769231