1 0.4699519230769231 0.11899038461538461 0.23557692307692307 0.22115384615384615
1 0.3942307692307692 0.35336538461538464 0.1875 0.13942307692307693
1 0.18389423076923078 0.2800480769230769 0.1875 0.1658653846153846
1 0.6033653846153846 0.5420673076923077 0.1971153846153846 0.16826923076923078
1 0.9146634615384616 0.24158653846153846 0.1658653846153846 0.17067307692307693
1 0.8329326923076923 0.5889423076923077 0.1971153846153846 0.16826923076923078
1 0.23918269230769232 0.5661057692307693 0.1971153846153846 0.16826923076923078
1 0.25600961538461536 0.0889423076923077 0.19951923076923078 0.17307692307692307
1 0.07091346153846154 0.10096153846153846 0.13942307692307693 0.16826923076923078
1 0.4411057692307692 0.9314903846153846 0.18028846153846154 0.13221153846153846
2 0.6225961538461539 0.8425480769230769 0.25 0.23557692307692307