1 0.5012019230769231 0.36899038461538464 0.17307692307692307 0.17307692307692307
1 0.3545673076923077 0.53125 0.17307692307692307 0.17307692307692307
1 0.5336538461538461 0.5420673076923077 0.20192307692307693 0.16346153846153846
1 0.90625 0.5528846153846154 0.18269230769230768 0.16346153846153846
1 0.8870192307692307 0.7524038461538461 0.22115384615384615 0.16826923076923078
1 0.7668269230769231 0.4387019230769231 0.21394230769230768 0.18269230769230768
1 0.8377403846153846 0.12620192307692307 0.20673076923076922 0.1778846153846154
1 0.2956730769230769 0.9074519230769231 0.20192307692307693 0.16346153846153846
1 0.12860576923076922 0.5877403846153846 0.20192307692307693 0.16346153846153846
1 0.6935096153846154 0.14302884615384615 0.20192307692307693 0.16346153846153846
1 0.9290865384615384 0.24879807692307693 0.13942307692307693 0.10576923076923077
1 0.07572115384615384 0.9134615384615384 0.1466346153846154 0.12980769230769232
1 0.328125 0.6983173076923077 0.17307692307692307 0.1346153846153846
1 0.11658653846153846 0.7259615384615384 0.16346153846153846 0.11778846153846154
2 0.15144230769230768 0.40865384615384615 0.24519230769230768 0.23557692307692307
0 0.32211538461538464 0.40384615384615385 0.09615384615384616 0.0673076923076923
0 0.7704326923076923 0.5745192307692307 0.09615384615384616 0.0673076923076923