1 0.33653846153846156 0.22235576923076922 0.1971153846153846 0.1466346153846154
1 0.19110576923076922 0.21875 0.1971153846153846 0.1466346153846154
1 0.11538461538461539 0.6057692307692307 0.22596153846153846 0.15384615384615385
1 0.21754807692307693 0.5036057692307693 0.23317307692307693 0.15384615384615385
1 0.5288461538461539 0.6826923076923077 0.22115384615384615 0.12740384615384615
1 0.7620192307692307 0.5997596153846154 0.2668269230769231 0.16346153846153846
1 0.6189903846153846 0.8305288461538461 0.22115384615384615 0.15625
1 0.5348557692307693 0.0673076923076923 0.21634615384615385 0.12980769230769232
1 0.2620192307692308 0.8629807692307693 0.21153846153846154 0.16826923076923078
1 0.7788461538461539 0.1310096153846154 0.21153846153846154 0.16826923076923078
1 0.8930288461538461 0.31971153846153844 0.2091346153846154 0.17307692307692307
1 0.859375 0.7716346153846154 0.18509615384615385 0.14182692307692307
1 0.8449519230769231 0.9302884615384616 0.18990384615384615 0.1346153846153846
1 0.390625 0.5336538461538461 0.18509615384615385 0.16346153846153846
1 0.609375 0.9375 0.21394230769230768 0.1201923076923077
1 0.42908653846153844 0.7788461538461539 0.19230769230769232 0.1201923076923077
2 0.6081730769230769 0.3581730769230769 0.40865384615384615 0.4495192307692308