1 0.5721153846153846 0.26802884615384615 0.2548076923076923 0.19230769230769232
1 0.5901442307692307 0.4567307692307692 0.23317307692307693 0.18269230769230768
1 0.10216346153846154 0.3701923076923077 0.20432692307692307 0.15625
1 0.3161057692307692 0.18269230769230768 0.25240384615384615 0.20192307692307693
1 0.421875 0.12980769230769232 0.2283653846153846 0.15625
1 0.8341346153846154 0.109375 0.25961538461538464 0.1658653846153846
1 0.5793269230769231 0.6442307692307693 0.20673076923076922 0.1658653846153846
1 0.5096153846153846 0.8245192307692307 0.24519230769230768 0.1875
1 0.8173076923076923 0.6706730769230769 0.24519230769230768 0.1875
1 0.8713942307692307 0.29447115384615385 0.24519230769230768 0.1875
1 0.6971153846153846 0.9519230769230769 0.24519230769230768 0.09134615384615384
1 0.6370192307692307 0.8076923076923077 0.21394230769230768 0.19230769230769232
1 0.7860576923076923 0.5877403846153846 0.19230769230769232 0.19230769230769232
1 0.09134615384615384 0.7596153846153846 0.18269230769230768 0.1971153846153846
2 0.2860576923076923 0.578125 0.4543269230769231 0.33653846153846156