1 0.18509615384615385 0.5673076923076923 0.15865384615384615 0.18269230769230768
1 0.6225961538461539 0.2800480769230769 0.2548076923076923 0.18269230769230768
1 0.6514423076923077 0.5048076923076923 0.2548076923076923 0.18269230769230768
1 0.5456730769230769 0.10697115384615384 0.2548076923076923 0.19230769230769232
1 0.8966346153846154 0.5757211538461539 0.20192307692307693 0.19471153846153846
1 0.28725961538461536 0.8269230769230769 0.21394230769230768 0.13942307692307693
1 0.06971153846153846 0.1466346153846154 0.1346153846153846 0.15144230769230768
1 0.06971153846153846 0.40024038461538464 0.1346153846153846 0.1971153846153846
1 0.7728365384615384 0.8786057692307693 0.24278846153846154 0.17067307692307693
1 0.8401442307692307 0.9350961538461539 0.28125 0.125
2 0.35216346153846156 0.38221153846153844 0.30288461538461536 0.2403846153846154
0 0.5060096153846154 0.4807692307692308 0.07932692307692307 0.04807692307692308