1 0.5084134615384616 0.0889423076923077 0.23076923076923078 0.1658653846153846
1 0.7379807692307693 0.20432692307692307 0.2403846153846154 0.20673076923076922
1 0.31850961538461536 0.8990384615384616 0.22596153846153846 0.1778846153846154
1 0.328125 0.6574519230769231 0.25721153846153844 0.15384615384615385
1 0.53125 0.3557692307692308 0.23557692307692307 0.20192307692307693
1 0.7680288461538461 0.6730769230769231 0.25721153846153844 0.15384615384615385
1 0.7836538461538461 0.5084134615384616 0.27884615384615385 0.15865384615384615
1 0.08774038461538461 0.7872596153846154 0.17067307692307693 0.17548076923076922
1 0.9266826923076923 0.3737980769230769 0.14182692307692307 0.14423076923076922
1 0.07932692307692307 0.6322115384615384 0.15384615384615385 0.16346153846153846
1 0.05889423076923077 0.09134615384615384 0.11298076923076923 0.18269230769230768
1 0.5793269230769231 0.9555288461538461 0.21634615384615385 0.08653846153846154
1 0.8966346153846154 0.057692307692307696 0.20192307692307693 0.11538461538461539