1 0.14783653846153846 0.03245192307692308 0.21875 0.0625
1 0.30528846153846156 0.09615384615384616 0.23557692307692307 0.1778846153846154
1 0.4266826923076923 0.24519230769230768 0.23557692307692307 0.1778846153846154
1 0.1045673076923077 0.27403846153846156 0.20673076923076922 0.18028846153846154
1 0.25961538461538464 0.3942307692307692 0.21394230769230768 0.16346153846153846
1 0.10336538461538461 0.5024038461538461 0.20192307692307693 0.16105769230769232
1 0.3485576923076923 0.7800480769230769 0.24278846153846154 0.19230769230769232
1 0.6105769230769231 0.7331730769230769 0.24759615384615385 0.1875
1 0.7992788461538461 0.15144230769230768 0.24759615384615385 0.1778846153846154
1 0.8762019230769231 0.7596153846153846 0.24278846153846154 0.18269230769230768
1 0.33052884615384615 0.5793269230769231 0.24278846153846154 0.19230769230769232
1 0.0829326923076923 0.7403846153846154 0.16346153846153846 0.17307692307692307
1 0.16706730769230768 0.9435096153846154 0.24759615384615385 0.11057692307692307
2 0.703125 0.40625 0.5048076923076923 0.3894230769230769
0 0.6081730769230769 0.8882211538461539 0.15865384615384615 0.1346153846153846
0 0.9723557692307693 0.8581730769230769 0.05048076923076923 0.08173076923076923