1 0.34134615384615385 0.17307692307692307 0.1875 0.1778846153846154
1 0.6766826923076923 0.6923076923076923 0.25961538461538464 0.17548076923076922
1 0.4266826923076923 0.9110576923076923 0.25961538461538464 0.17548076923076922
1 0.7848557692307693 0.0673076923076923 0.2668269230769231 0.12980769230769232
1 0.734375 0.1971153846153846 0.25 0.1875
1 0.5817307692307693 0.16706730769230768 0.25 0.1875
1 0.14182692307692307 0.07692307692307693 0.2403846153846154 0.14903846153846154
1 0.90625 0.5685096153846154 0.18269230769230768 0.18028846153846154
0 0.4675480769230769 0.052884615384615384 0.0985576923076923 0.08173076923076923
0 0.5024038461538461 0.31490384615384615 0.08653846153846154 0.08173076923076923
0 0.9699519230769231 0.06490384615384616 0.055288461538461536 0.07211538461538461
2 0.2692307692307692 0.5913461538461539 0.5336538461538461 0.4951923076923077