1 0.8858173076923077 0.6971153846153846 0.16826923076923078 0.20432692307692307
1 0.8052884615384616 0.515625 0.15865384615384615 0.20192307692307693
1 0.8389423076923077 0.08774038461538461 0.16346153846153846 0.17067307692307693
1 0.6442307692307693 0.11057692307692307 0.17307692307692307 0.21634615384615385
1 0.3894230769230769 0.08774038461538461 0.20673076923076922 0.17067307692307693
1 0.4519230769230769 0.30649038461538464 0.16105769230769232 0.22115384615384615
1 0.2860576923076923 0.3713942307692308 0.16105769230769232 0.22355769230769232
1 0.1814903846153846 0.640625 0.18269230769230768 0.17548076923076922
1 0.671875 0.8894230769230769 0.18269230769230768 0.21634615384615385
1 0.11899038461538461 0.2692307692307692 0.18269230769230768 0.22596153846153846
1 0.17908653846153846 0.16346153846153846 0.18269230769230768 0.22596153846153846
1 0.09014423076923077 0.47836538461538464 0.1778846153846154 0.1778846153846154
1 0.6262019230769231 0.5336538461538461 0.15865384615384615 0.22596153846153846
1 0.7139423076923077 0.3449519230769231 0.1778846153846154 0.25
2 0.4735576923076923 0.7680288461538461 0.36778846153846156 0.46153846153846156