1 0.23918269230769232 0.7091346153846154 0.19230769230769232 0.15144230769230768
1 0.06490384615384616 0.7427884615384616 0.125 0.15625
1 0.5096153846153846 0.31971153846153844 0.24519230769230768 0.1778846153846154
1 0.3137019230769231 0.15144230769230768 0.1971153846153846 0.14903846153846154
1 0.9278846153846154 0.2439903846153846 0.13942307692307693 0.14182692307692307
1 0.7920673076923077 0.14182692307692307 0.22115384615384615 0.1875
1 0.6634615384615384 0.8125 0.1971153846153846 0.15865384615384615
1 0.6153846153846154 0.4987980769230769 0.20673076923076922 0.16826923076923078
1 0.9543269230769231 0.09375 0.08653846153846154 0.17307692307692307
1 0.6189903846153846 0.051682692307692304 0.22596153846153846 0.0985576923076923
1 0.25 0.027644230769230768 0.19230769230769232 0.052884615384615384
1 0.07451923076923077 0.07932692307692307 0.14423076923076922 0.15625
1 0.8786057692307693 0.4807692307692308 0.21634615384615385 0.21153846153846154
2 0.14182692307692307 0.5348557692307693 0.27884615384615385 0.2283653846153846
0 0.31490384615384615 0.5336538461538461 0.09615384615384616 0.07211538461538461