1 0.4723557692307692 0.9002403846153846 0.18509615384615385 0.17548076923076922
1 0.24879807692307693 0.7019230769230769 0.22115384615384615 0.16826923076923078
1 0.3004807692307692 0.8473557692307693 0.2932692307692308 0.13221153846153846
1 0.3557692307692308 0.36538461538461536 0.21634615384615385 0.18269230769230768
1 0.23076923076923078 0.5132211538461539 0.17307692307692307 0.17067307692307693
1 0.49038461538461536 0.5504807692307693 0.28365384615384615 0.13701923076923078
1 0.5504807692307693 0.42788461538461536 0.22115384615384615 0.16826923076923078
1 0.3557692307692308 0.10216346153846154 0.22115384615384615 0.18269230769230768
1 0.6754807692307693 0.09735576923076923 0.22115384615384615 0.18269230769230768
1 0.07692307692307693 0.5252403846153846 0.14903846153846154 0.1875
1 0.4795673076923077 0.6995192307692307 0.1778846153846154 0.19230769230769232
1 0.7463942307692307 0.8257211538461539 0.21875 0.19230769230769232
1 0.4651442307692308 0.2956730769230769 0.17307692307692307 0.13701923076923078
1 0.9302884615384616 0.1875 0.1346153846153846 0.13701923076923078
1 0.13221153846153846 0.35697115384615385 0.25961538461538464 0.15144230769230768
0 0.8293269230769231 0.20192307692307693 0.08173076923076923 0.07692307692307693
2 0.8052884615384616 0.5264423076923077 0.38461538461538464 0.34375