1 0.27524038461538464 0.22235576923076922 0.1778846153846154 0.21153846153846154
1 0.46274038461538464 0.23317307692307693 0.12980769230769232 0.21153846153846154
1 0.5168269230769231 0.9194711538461539 0.15144230769230768 0.15625
1 0.5588942307692307 0.5024038461538461 0.14182692307692307 0.22355769230769232
1 0.5841346153846154 0.21033653846153846 0.1201923076923077 0.19230769230769232
1 0.15985576923076922 0.6514423076923077 0.15865384615384615 0.23557692307692307
1 0.22596153846153846 0.8353365384615384 0.1466346153846154 0.18269230769230768
1 0.08173076923076923 0.921875 0.15865384615384615 0.15144230769230768
1 0.3016826923076923 0.9495192307692307 0.15865384615384615 0.09615384615384616
1 0.4362980769230769 0.7043269230769231 0.1466346153846154 0.18269230769230768
1 0.34975961538461536 0.6490384615384616 0.15144230769230768 0.21634615384615385
1 0.921875 0.9002403846153846 0.15144230769230768 0.19471153846153846
1 0.9495192307692307 0.671875 0.09615384615384616 0.24759615384615385
2 0.7307692307692307 0.7704326923076923 0.3557692307692308 0.4230769230769231
0 0.2608173076923077 0.3473557692307692 0.06490384615384616 0.08173076923076923
0 0.052884615384615384 0.5733173076923077 0.07692307692307693 0.08413461538461539