1 0.26322115384615385 0.2127403846153846 0.16826923076923078 0.22596153846153846
1 0.7055288461538461 0.515625 0.18269230769230768 0.23076923076923078
1 0.4723557692307692 0.29086538461538464 0.13942307692307693 0.21634615384615385
1 0.39903846153846156 0.4375 0.1778846153846154 0.27403846153846156
1 0.5805288461538461 0.15264423076923078 0.14903846153846154 0.23317307692307693
1 0.22956730769230768 0.6225961538461539 0.21634615384615385 0.25
1 0.10216346153846154 0.30649038461538464 0.19951923076923078 0.27403846153846156
1 0.8581730769230769 0.3870192307692308 0.22596153846153846 0.1778846153846154
1 0.9146634615384616 0.8786057692307693 0.16826923076923078 0.21634615384615385
1 0.8954326923076923 0.0733173076923077 0.15144230769230768 0.14182692307692307
1 0.7115384615384616 0.17668269230769232 0.16826923076923078 0.25961538461538464
1 0.39302884615384615 0.06370192307692307 0.19230769230769232 0.125
1 0.036057692307692304 0.8641826923076923 0.06971153846153846 0.2620192307692308
2 0.5540865384615384 0.78125 0.40384615384615385 0.4326923076923077