1 0.3641826923076923 0.625 0.19230769230769232 0.21875
1 0.1466346153846154 0.5540865384615384 0.1971153846153846 0.25961538461538464
1 0.29927884615384615 0.8557692307692307 0.1658653846153846 0.22355769230769232
1 0.16105769230769232 0.7764423076923077 0.1658653846153846 0.22355769230769232
1 0.9543269230769231 0.4495192307692308 0.0889423076923077 0.21634615384615385
1 0.8040865384615384 0.3245192307692308 0.15625 0.20673076923076922
1 0.5072115384615384 0.1201923076923077 0.19230769230769232 0.2403846153846154
1 0.21514423076923078 0.21995192307692307 0.19951923076923078 0.2548076923076923
1 0.3076923076923077 0.41466346153846156 0.13221153846153846 0.17548076923076922
1 0.9567307692307693 0.9182692307692307 0.08413461538461539 0.15865384615384615
2 0.8317307692307693 0.6814903846153846 0.3125 0.38461538461538464