1 0.4675480769230769 0.14182692307692307 0.23557692307692307 0.21153846153846154
1 0.25 0.09134615384615384 0.21634615384615385 0.1778846153846154
1 0.5733173076923077 0.7764423076923077 0.19230769230769232 0.21634615384615385
1 0.2920673076923077 0.7439903846153846 0 0
1 0.4567307692307692 0.5228365384615384 0.23557692307692307 0.1971153846153846
1 0.8737980769230769 0.09254807692307693 0.24759615384615385 0.18509615384615385
1 0.8966346153846154 0.9050480769230769 0.20192307692307693 0.17067307692307693
1 0.8305288461538461 0.7680288461538461 0.2692307692307692 0.11298076923076923
1 0.16947115384615385 0.41225961538461536 0.25961538461538464 0.14903846153846154
0 0.1658653846153846 0.9783653846153846 0.11538461538461539 0.038461538461538464
0 0.5072115384615384 0.8870192307692307 0.10576923076923077 0.07692307692307693
2 0.8365384615384616 0.5420673076923077 0.32211538461538464 0.4014423076923077