1 0.44711538461538464 0.33774038461538464 0.2548076923076923 0.18028846153846154
1 0.09615384615384616 0.3161057692307692 0.1875 0.17548076923076922
1 0.4411057692307692 0.5252403846153846 0.30288461538461536 0.20192307692307693
1 0.4651442307692308 0.14783653846153846 0.21153846153846154 0.16826923076923078
1 0.24158653846153846 0.20432692307692307 0.21394230769230768 0.15144230769230768
1 0.10336538461538461 0.6971153846153846 0.20192307692307693 0.16826923076923078
1 0.6286057692307693 0.8413461538461539 0.19230769230769232 0.19230769230769232
1 0.5456730769230769 0.6694711538461539 0.17307692307692307 0.1466346153846154
1 0.6923076923076923 0.6598557692307693 0.25 0.14903846153846154
1 0.5336538461538461 0.038461538461538464 0.3076923076923077 0.07451923076923077
1 0.3317307692307692 0.7728365384615384 0.27403846153846156 0.18990384615384615
2 0.7560096153846154 0.44471153846153844 0.4519230769230769 0.3557692307692308