1 0.27283653846153844 0.6454326923076923 0.19230769230769232 0.24759615384615385
1 0.6418269230769231 0.23677884615384615 0.19230769230769232 0.24759615384615385
1 0.7223557692307693 0.734375 0.19230769230769232 0.24759615384615385
1 0.5540865384615384 0.4987980769230769 0.1201923076923077 0.25961538461538464
1 0.2956730769230769 0.39302884615384615 0.20673076923076922 0.2548076923076923
1 0.5036057692307693 0.8894230769230769 0.1778846153846154 0.21634615384615385
1 0.3004807692307692 0.8653846153846154 0.21394230769230768 0.21634615384615385
1 0.8774038461538461 0.5661057692307693 0.19230769230769232 0.24759615384615385
1 0.8413461538461539 0.9038461538461539 0.16826923076923078 0.1875
1 0.5913461538461539 0.07091346153846154 0.1971153846153846 0.13701923076923078
1 0.47716346153846156 0.4951923076923077 0.19230769230769232 0.24278846153846154
1 0.1658653846153846 0.8545673076923077 0.20432692307692307 0.21634615384615385
2 0.3557692307692308 0.1658653846153846 0.36538461538461536 0.3269230769230769