1 0.4230769230769231 0.11538461538461539 0.18269230769230768 0.22596153846153846
1 0.4723557692307692 0.578125 0.18028846153846154 0.23557692307692307
1 0.17668269230769232 0.5805288461538461 0.18028846153846154 0.23557692307692307
1 0.22235576923076922 0.2764423076923077 0.23557692307692307 0.3581730769230769
1 0.8329326923076923 0.7572115384615384 0.21153846153846154 0.2548076923076923
1 0.7091346153846154 0.6814903846153846 0.1875 0.23317307692307693
1 0.31009615384615385 0.7716346153846154 0.18028846153846154 0.23557692307692307
1 0.8353365384615384 0.5841346153846154 0.1875 0.23317307692307693
1 0.08052884615384616 0.7680288461538461 0.15865384615384615 0.23557692307692307
2 0.5408653846153846 0.8689903846153846 0.28125 0.25961538461538464
0 0.28966346153846156 0.4639423076923077 0.07211538461538461 0.08173076923076923
0 0.18269230769230768 0.025240384615384616 0.07211538461538461 0.04567307692307692