1 0.11658653846153846 0.41466346153846156 0.19471153846153846 0.1875
1 0.2848557692307692 0.8629807692307693 0.21634615384615385 0.1971153846153846
1 0.5120192307692307 0.8653846153846154 0.19951923076923078 0.17307692307692307
1 0.5120192307692307 0.7487980769230769 0.27403846153846156 0.1875
1 0.5540865384615384 0.5973557692307693 0.28846153846153844 0.08653846153846154
1 0.6670673076923077 0.546875 0.22596153846153846 0.16105769230769232
1 0.8413461538461539 0.859375 0.23076923076923078 0.16826923076923078
1 0.33653846153846156 0.39302884615384615 0.1971153846153846 0.2403846153846154
1 0.39783653846153844 0.11538461538461539 0.25961538461538464 0.16826923076923078
1 0.921875 0.6033653846153846 0.15384615384615385 0.20432692307692307
1 0.78125 0.7103365384615384 0.24519230769230768 0.13942307692307693
1 0.11658653846153846 0.7319711538461539 0.22596153846153846 0.1875
2 0.6346153846153846 0.27283653846153844 0.5408653846153846 0.5432692307692307