1 0.7548076923076923 0.359375 0.24759615384615385 0.20192307692307693
1 0.7403846153846154 0.07932692307692307 0.23557692307692307 0.15384615384615385
1 0.1935096153846154 0.8028846153846154 0.2283653846153846 0.17307692307692307
1 0.24278846153846154 0.7223557692307693 0.2283653846153846 0.17307692307692307
1 0.35697115384615385 0.6346153846153846 0.28365384615384615 0.18990384615384615
1 0.40865384615384615 0.3954326923076923 0.25 0.2091346153846154
1 0.09254807692307693 0.22355769230769232 0.18509615384615385 0.1778846153846154
1 0.19951923076923078 0.38341346153846156 0.22596153846153846 0.1875
1 0.08052884615384616 0.5901442307692307 0.16105769230769232 0.18269230769230768
1 0.6550480769230769 0.53125 0.20192307692307693 0.15625
1 0.7932692307692307 0.546875 0.20192307692307693 0.1658653846153846
1 0.9002403846153846 0.546875 0.19471153846153846 0.16826923076923078
1 0.9134615384615384 0.7427884615384616 0.16826923076923078 0.16826923076923078
1 0.7512019230769231 0.18990384615384615 0.25 0.17307692307692307
2 0.7704326923076923 0.8894230769230769 0.4110576923076923 0.21875
0 0.6586538461538461 0.7644230769230769 0.08173076923076923 0.0625
0 0.042067307692307696 0.4182692307692308 0.08413461538461539 0.057692307692307696