1 0.25961538461538464 0.32211538461538464 0.18990384615384615 0.25
1 0.13581730769230768 0.13822115384615385 0.1658653846153846 0.24519230769230768
1 0.4050480769230769 0.23076923076923078 0.11538461538461539 0.22115384615384615
1 0.40384615384615385 0.47115384615384615 0.18509615384615385 0.24278846153846154
1 0.37259615384615385 0.6911057692307693 0.16346153846153846 0.21634615384615385
1 0.5612980769230769 0.6201923076923077 0.18269230769230768 0.23076923076923078
1 0.9026442307692307 0.8677884615384616 0.19230769230769232 0.25961538461538464
1 0.09615384615384616 0.5817307692307693 0.16826923076923078 0.2283653846153846
1 0.14783653846153846 0.7415865384615384 0.20432692307692307 0.27403846153846156
1 0.5805288461538461 0.37740384615384615 0.17548076923076922 0.22115384615384615
1 0.8353365384615384 0.15264423076923078 0.22115384615384615 0.1875
1 0.5793269230769231 0.07692307692307693 0.19230769230769232 0.14903846153846154
1 0.421875 0.07091346153846154 0.15625 0.13942307692307693
1 0.6850961538461539 0.875 0.1971153846153846 0.24519230769230768
0 0.2439903846153846 0.7103365384615384 0.052884615384615384 0.0625
0 0.34134615384615385 0.8798076923076923 0.07211538461538461 0.09134615384615384
2 0.7992788461538461 0.49038461538461536 0.39663461538461536 0.5721153846153846