2 0.47596153846153844 0.09375 0.32211538461538464 0.1875
1 0.3713942307692308 0.2403846153846154 0.27163461538461536 0.1778846153846154
1 0.6923076923076923 0.2620192307692308 0.23798076923076922 0.1346153846153846
1 0.6838942307692307 0.34375 0.23798076923076922 0.1346153846153846
1 0.8389423076923077 0.3293269230769231 0.19230769230769232 0.11538461538461539
1 0.3401442307692308 0.5096153846153846 0.2403846153846154 0.15384615384615385
1 0.0829326923076923 0.5769230769230769 0.16105769230769232 0.1778846153846154
1 0.0829326923076923 0.6358173076923077 0.16105769230769232 0.1778846153846154
1 0.41586538461538464 0.6550480769230769 0.22596153846153846 0.16346153846153846
1 0.5240384615384616 0.7932692307692307 0.22596153846153846 0.16346153846153846
1 0.5588942307692307 0.5432692307692307 0.23076923076923078 0.19471153846153846
1 0.09975961538461539 0.7956730769230769 0.19471153846153846 0.1658653846153846
1 0.22596153846153846 0.036057692307692304 0.23317307692307693 0.07211538461538461
1 0.7788461538461539 0.030048076923076924 0.2932692307692308 0.06009615384615385
1 0.9387019230769231 0.5552884615384616 0.11778846153846154 0.22596153846153846
1 0.4182692307692308 0.8653846153846154 0.22596153846153846 0.16346153846153846
1 0.32211538461538464 0.8401442307692307 0.22596153846153846 0.16346153846153846
1 0.1935096153846154 0.8197115384615384 0.22596153846153846 0.16346153846153846
1 0.15504807692307693 0.9519230769230769 0.22596153846153846 0.09375
1 0.8641826923076923 0.9110576923076923 0.2668269230769231 0.17307692307692307
1 0.8473557692307693 0.7860576923076923 0.27884615384615385 0.18990384615384615
0 0.8088942307692307 0.5625 0.10336538461538461 0.07211538461538461
0 0.8209134615384616 0.6598557692307693 0.10336538461538461 0.07211538461538461
0 0.953125 0.48677884615384615 0.0889423076923077 0.07451923076923077
1 0.6706730769230769 0.5168269230769231 0.23798076923076922 0.18509615384615385