1 0.26802884615384615 0.27283653846153844 0.16105769230769232 0.23557692307692307
1 0.17427884615384615 0.0829326923076923 0.17067307692307693 0.16105769230769232
1 0.4519230769230769 0.0733173076923077 0.16346153846153846 0.14182692307692307
1 0.6598557692307693 0.08653846153846154 0.1658653846153846 0.16826923076923078
1 0.9387019230769231 0.2764423076923077 0.11778846153846154 0.19230769230769232
1 0.9194711538461539 0.7451923076923077 0.15865384615384615 0.21634615384615385
1 0.3605769230769231 0.671875 0.1778846153846154 0.21394230769230768
1 0.1310096153846154 0.8774038461538461 0.1778846153846154 0.21394230769230768
1 0.6117788461538461 0.33052884615384615 0.21153846153846154 0.21875
1 0.3713942307692308 0.8112980769230769 0.17067307692307693 0.19230769230769232
1 0.2548076923076923 0.5084134615384616 0.20192307692307693 0.28846153846153844
2 0.5901442307692307 0.6442307692307693 0.31971153846153844 0.40865384615384615