2 0.5180288461538461 0.41346153846153844 0.22596153846153846 0.2980769230769231
1 0.6742788461538461 0.6129807692307693 0.15865384615384615 0.1971153846153846
1 0.7848557692307693 0.19831730769230768 0.1875 0.21394230769230768
1 0.9423076923076923 0.6081730769230769 0.11057692307692307 0.22596153846153846
1 0.8557692307692307 0.7139423076923077 0.1875 0.21153846153846154
1 0.8245192307692307 0.8701923076923077 0.1875 0.21153846153846154
1 0.4170673076923077 0.9026442307692307 0.11298076923076923 0.18990384615384615
1 0.4362980769230769 0.7427884615384616 0.1971153846153846 0.19951923076923078
1 0.5492788461538461 0.7259615384615384 0.20192307692307693 0.2403846153846154
1 0.5697115384615384 0.1045673076923077 0.18990384615384615 0.20673076923076922
1 0.3701923076923077 0.27524038461538464 0.14423076923076922 0.1875
1 0.3125 0.46033653846153844 0.14423076923076922 0.1875
1 0.21995192307692307 0.078125 0.15384615384615385 0.15144230769230768
1 0.22716346153846154 0.8930288461538461 0.19951923076923078 0.2091346153846154
0 0.39903846153846156 0.14783653846153846 0.0673076923076923 0.08173076923076923
0 0.6009615384615384 0.2512019230769231 0.0673076923076923 0.08173076923076923
1 0.08052884615384616 0.28365384615384615 0.13942307692307693 0.23076923076923078
1 0.046875 0.6201923076923077 0.09134615384615384 0.22115384615384615
1 0.10336538461538461 0.7475961538461539 0.1466346153846154 0.22115384615384615