1 0.14423076923076922 0.44350961538461536 0.13701923076923078 0.22596153846153846
1 0.421875 0.6850961538461539 0.19230769230769232 0.22596153846153846
1 0.8762019230769231 0.49399038461538464 0.14182692307692307 0.21394230769230768
1 0.7427884615384616 0.44350961538461536 0.16346153846153846 0.21875
1 0.65625 0.8930288461538461 0.19230769230769232 0.21153846153846154
1 0.49278846153846156 0.9266826923076923 0.1971153846153846 0.14423076923076922
1 0.296875 0.9266826923076923 0.14423076923076922 0.14423076923076922
1 0.16706730769230768 0.9423076923076923 0.12740384615384615 0.11057692307692307
1 0.2512019230769231 0.2704326923076923 0.14903846153846154 0.17548076923076922
1 0.4110576923076923 0.08653846153846154 0.17307692307692307 0.17307692307692307
1 0.23557692307692307 0.07451923076923077 0.16826923076923078 0.14423076923076922
1 0.6346153846153846 0.07451923076923077 0.16826923076923078 0.14423076923076922
1 0.8425480769230769 0.8485576923076923 0.12980769230769232 0.20673076923076922
1 0.6730769230769231 0.6935096153846154 0.14903846153846154 0.19230769230769232
1 0.8245192307692307 0.27403846153846156 0.16346153846153846 0.20432692307692307
2 0.4675480769230769 0.3605769230769231 0.28365384615384615 0.39663461538461536
0 0.09134615384615384 0.6442307692307693 0.11057692307692307 0.13221153846153846