1 0.42427884615384615 0.7752403846153846 0.17307692307692307 0.22115384615384615
1 0.23677884615384615 0.7295673076923077 0.19951923076923078 0.23317307692307693
1 0.2608173076923077 0.9194711538461539 0.2091346153846154 0.15865384615384615
1 0.4483173076923077 0.4795673076923077 0.20192307692307693 0.23076923076923078
1 0.6850961538461539 0.2403846153846154 0.20432692307692307 0.23076923076923078
1 0.5108173076923077 0.20793269230769232 0.15384615384615385 0.21153846153846154
1 0.3894230769230769 0.28125 0.15865384615384615 0.19230769230769232
1 0.07572115384615384 0.11177884615384616 0.14903846153846154 0.21875
1 0.07572115384615384 0.3581730769230769 0.14903846153846154 0.22115384615384615
1 0.20552884615384615 0.5 0.17307692307692307 0.24759615384615385
1 0.6538461538461539 0.9038461538461539 0.17548076923076922 0.1875
1 0.7716346153846154 0.765625 0.1778846153846154 0.23317307692307693
1 0.78125 0.5408653846153846 0.1778846153846154 0.23317307692307693
2 0.6129807692307693 0.6454326923076923 0.1875 0.2644230769230769
0 0.9795673076923077 0.1045673076923077 0.036057692307692304 0.09375