2 0.7716346153846154 0.16346153846153846 0.3701923076923077 0.32211538461538464
1 0.4014423076923077 0.11658653846153846 0.17067307692307693 0.2091346153846154
1 0.9026442307692307 0.4951923076923077 0.15865384615384615 0.27163461538461536
1 0.23798076923076922 0.0673076923076923 0.14903846153846154 0.13221153846153846
1 0.21875 0.6466346153846154 0.1466346153846154 0.18028846153846154
1 0.23076923076923078 0.27884615384615385 0.1466346153846154 0.18028846153846154
1 0.28966346153846156 0.28365384615384615 0.15384615384615385 0.22596153846153846
1 0.5240384615384616 0.140625 0.15384615384615385 0.24519230769230768
1 0.07572115384615384 0.7836538461538461 0.14903846153846154 0.22115384615384615
1 0.17427884615384615 0.7199519230769231 0.15384615384615385 0.21875
1 0.38341346153846156 0.5564903846153846 0.10576923076923077 0.18509615384615385
1 0.45913461538461536 0.5288461538461539 0.11057692307692307 0.21153846153846154
1 0.48197115384615385 0.7776442307692307 0.1971153846153846 0.24519230769230768
1 0.47596153846153844 0.9387019230769231 0.1778846153846154 0.1201923076923077
1 0.39903846153846156 0.8485576923076923 0.17548076923076922 0.25240384615384615
1 0.7536057692307693 0.9074519230769231 0.18509615384615385 0.18028846153846154
1 0.9507211538461539 0.8052884615384616 0.09375 0.28846153846153844
1 0.7139423076923077 0.5564903846153846 0.15384615384615385 0.23557692307692307
1 0.20072115384615385 0.4387019230769231 0.17307692307692307 0.24759615384615385