1 0.33413461538461536 0.3173076923076923 0.17548076923076922 0.21634615384615385
1 0.078125 0.5600961538461539 0.15384615384615385 0.20432692307692307
1 0.13942307692307693 0.7824519230769231 0.16346153846153846 0.20673076923076922
1 0.7776442307692307 0.43990384615384615 0.13701923076923078 0.21634615384615385
1 0.5865384615384616 0.18389423076923078 0.1346153846153846 0.18028846153846154
1 0.8401442307692307 0.3545673076923077 0.13701923076923078 0.19230769230769232
1 0.9314903846153846 0.9290865384615384 0.13221153846153846 0.13701923076923078
1 0.8990384615384616 0.6057692307692307 0.13221153846153846 0.1778846153846154
1 0.34134615384615385 0.5949519230769231 0.14182692307692307 0.19230769230769232
1 0.5060096153846154 0.8413461538461539 0.1971153846153846 0.23076923076923078
1 0.8401442307692307 0.8076923076923077 0.1466346153846154 0.23557692307692307
1 0.26802884615384615 0.7728365384615384 0.15865384615384615 0.21634615384615385
1 0.453125 0.14783653846153846 0.14182692307692307 0.19230769230769232
2 0.5841346153846154 0.5480769230769231 0.29086538461538464 0.38461538461538464
0 0.9338942307692307 0.0985576923076923 0.0673076923076923 0.07451923076923077