1 0.4014423076923077 0.734375 0.22115384615384615 0.23076923076923078
1 0.5588942307692307 0.8870192307692307 0.14903846153846154 0.22115384615384615
1 0.8497596153846154 0.8557692307692307 0.17067307692307693 0.22596153846153846
1 0.6862980769230769 0.7548076923076923 0.17067307692307693 0.22596153846153846
1 0.7115384615384616 0.5396634615384616 0.17067307692307693 0.2283653846153846
1 0.5757211538461539 0.1875 0.19230769230769232 0.23076923076923078
1 0.3858173076923077 0.3425480769230769 0.19230769230769232 0.2668269230769231
1 0.6887019230769231 0.38341346153846156 0.18509615384615385 0.23798076923076922
1 0.3762019230769231 0.10817307692307693 0.19951923076923078 0.21153846153846154
1 0.1814903846153846 0.09495192307692307 0.21394230769230768 0.14423076923076922
1 0.9242788461538461 0.20673076923076922 0.14903846153846154 0.1778846153846154
1 0.9350961538461539 0.33413461538461536 0.125 0.21394230769230768
1 0.8810096153846154 0.06370192307692307 0.16105769230769232 0.12259615384615384
1 0.6742788461538461 0.06370192307692307 0.16105769230769232 0.12259615384615384
2 0.15384615384615385 0.5480769230769231 0.30288461538461536 0.44711538461538464
0 0.28725961538461536 0.7163461538461539 0.06971153846153846 0.09615384615384616