2 0.4326923076923077 0.47115384615384615 0.24519230769230768 0.17307692307692307
0 0.48677884615384615 0.6466346153846154 0.0625 0.052884615384615384
0 0.59375 0.5625 0.0625 0.052884615384615384
0 0.6310096153846154 0.96875 0.07211538461538461 0.04567307692307692
1 0.35216346153846156 0.8521634615384616 0.27884615384615385 0.21394230769230768
1 0.09495192307692307 0.9014423076923077 0.1875 0.15865384615384615
1 0.14302884615384615 0.9254807692307693 0.20432692307692307 0.14423076923076922
1 0.14543269230769232 0.7367788461538461 0.19951923076923078 0.18990384615384615
1 0.0985576923076923 0.5925480769230769 0.19230769230769232 0.19471153846153846
1 0.6935096153846154 0.3076923076923077 0.21634615384615385 0.1778846153846154
1 0.90625 0.25721153846153844 0.18269230769230768 0.14903846153846154
1 0.90625 0.49759615384615385 0.18269230769230768 0.14903846153846154
1 0.4831730769230769 0.28725961538461536 0.21634615384615385 0.16826923076923078
1 0.18990384615384615 0.16346153846153846 0.19230769230769232 0.1346153846153846
1 0.10216346153846154 0.055288461538461536 0.19951923076923078 0.11057692307692307
1 0.6899038461538461 0.453125 0.23317307692307693 0.16826923076923078
1 0.7560096153846154 0.546875 0.23317307692307693 0.16826923076923078
1 0.7920673076923077 0.6947115384615384 0.22115384615384615 0.1778846153846154
1 0.20072115384615385 0.4495192307692308 0.1971153846153846 0.15865384615384615
1 0.2536057692307692 0.3269230769230769 0.1971153846153846 0.15865384615384615
1 0.046875 0.20552884615384615 0.0889423076923077 0.18028846153846154