1 0.21995192307692307 0.7235576923076923 0.21153846153846154 0.1778846153846154
1 0.23076923076923078 0.5360576923076923 0.21153846153846154 0.12980769230769232
1 0.9182692307692307 0.4807692307692308 0.15865384615384615 0.15144230769230768
1 0.5 0.43990384615384615 0.22355769230769232 0.14182692307692307
1 0.20793269230769232 0.41346153846153844 0.19230769230769232 0.1201923076923077
1 0.6502403846153846 0.8389423076923077 0.23557692307692307 0.15865384615384615
1 0.8329326923076923 0.7728365384615384 0.18269230769230768 0.1466346153846154
1 0.9206730769230769 0.9194711538461539 0.15384615384615385 0.15865384615384615
1 0.9483173076923077 0.6959134615384616 0.0985576923076923 0.15865384615384615
1 0.703125 0.5625 0.18269230769230768 0.1466346153846154
1 0.6466346153846154 0.6490384615384616 0.21634615384615385 0.15144230769230768
1 0.9002403846153846 0.07572115384615384 0.1971153846153846 0.15144230769230768
1 0.6694711538461539 0.04807692307692308 0.24519230769230768 0.09615384615384616
2 0.7680288461538461 0.2668269230769231 0.4230769230769231 0.3557692307692308
0 0.3449519230769231 0.7379807692307693 0.08173076923076923 0.06490384615384616
0 0.5721153846153846 0.9459134615384616 0.08413461538461539 0.07692307692307693