1 0.12620192307692307 0.18870192307692307 0.18269230769230768 0.2692307692307692
1 0.3641826923076923 0.24879807692307693 0.2403846153846154 0.22596153846153846
1 0.10336538461538461 0.8425480769230769 0.19951923076923078 0.24278846153846154
1 0.5865384615384616 0.8557692307692307 0.19951923076923078 0.24278846153846154
1 0.390625 0.75 0.20192307692307693 0.2692307692307692
1 0.9242788461538461 0.5180288461538461 0.1466346153846154 0.22596153846153846
1 0.17307692307692307 0.5625 0.17307692307692307 0.23557692307692307
1 0.22115384615384615 0.6514423076923077 0.14182692307692307 0.19230769230769232
1 0.36177884615384615 0.4951923076923077 0.19230769230769232 0.20192307692307693
1 0.27283653846153844 0.9134615384615384 0.15625 0.16826923076923078
1 0.8882211538461539 0.7980769230769231 0.19230769230769232 0.21875
1 0.042067307692307696 0.6201923076923077 0.08413461538461539 0.2692307692307692
1 0.8173076923076923 0.6033653846153846 0.10336538461538461 0.14423076923076922
2 0.6045673076923077 0.36658653846153844 0.4326923076923077 0.5528846153846154