1 0.9050480769230769 0.8978365384615384 0.18509615384615385 0.20432692307692307
1 0.7091346153846154 0.765625 0.18269230769230768 0.23557692307692307
1 0.9314903846153846 0.19831730769230768 0.13221153846153846 0.2283653846153846
1 0.5264423076923077 0.5060096153846154 0.16826923076923078 0.23076923076923078
1 0.34134615384615385 0.7572115384615384 0.16826923076923078 0.23076923076923078
1 0.0733173076923077 0.6310096153846154 0.14423076923076922 0.23076923076923078
1 0.12980769230769232 0.41586538461538464 0.16826923076923078 0.23076923076923078
1 0.27884615384615385 0.4362980769230769 0.14423076923076922 0.18509615384615385
1 0.23197115384615385 0.06129807692307692 0.1466346153846154 0.1201923076923077
1 0.9194711538461539 0.6959134615384616 0.15625 0.23317307692307693
1 0.8197115384615384 0.390625 0.15625 0.2668269230769231
2 0.6935096153846154 0.13942307692307693 0.22596153846153846 0.27403846153846156