1 0.4807692307692308 0.7740384615384616 0.20432692307692307 0.22115384615384615
1 0.6394230769230769 0.2764423076923077 0.18269230769230768 0.23557692307692307
1 0.47596153846153844 0.49399038461538464 0.14903846153846154 0.2403846153846154
1 0.1778846153846154 0.7427884615384616 0.17307692307692307 0.2283653846153846
1 0.33052884615384615 0.5540865384615384 0.15384615384615385 0.23076923076923078
1 0.7920673076923077 0.8870192307692307 0.16105769230769232 0.22115384615384615
1 0.9411057692307693 0.36899038461538464 0.11298076923076923 0.2860576923076923
1 0.06490384615384616 0.5480769230769231 0.12740384615384615 0.2548076923076923
1 0.4098557692307692 0.2932692307692308 0.14182692307692307 0.20432692307692307
1 0.8377403846153846 0.07692307692307693 0.18509615384615385 0.15144230769230768
2 0.20432692307692307 0.21153846153846154 0.3798076923076923 0.4206730769230769