1 0.41586538461538464 0.9290865384615384 0.22596153846153846 0.13942307692307693
1 0.2439903846153846 0.8100961538461539 0.25 0.21153846153846154
1 0.7235576923076923 0.9158653846153846 0.25721153846153844 0.1658653846153846
1 0.6009615384615384 0.5096153846153846 0.25240384615384615 0.20432692307692307
1 0.2824519230769231 0.1778846153846154 0.25 0.1875
1 0.6286057692307693 0.7295673076923077 0.24759615384615385 0.21153846153846154
1 0.31009615384615385 0.44711538461538464 0.20673076923076922 0.15384615384615385
1 0.20432692307692307 0.3485576923076923 0.20673076923076922 0.15384615384615385
1 0.056490384615384616 0.07211538461538461 0.11298076923076923 0.14423076923076922
1 0.5336538461538461 0.10096153846153846 0.1875 0.1778846153846154
1 0.6334134615384616 0.09134615384615384 0.23798076923076922 0.1778846153846154
1 0.38822115384615385 0.6646634615384616 0.3581730769230769 0.18028846153846154
1 0.04927884615384615 0.8305288461538461 0.0985576923076923 0.21153846153846154
1 0.171875 0.4387019230769231 0.1778846153846154 0.13942307692307693
0 0.8569711538461539 0.71875 0.08173076923076923 0.07211538461538461
0 0.4387019230769231 0.5853365384615384 0.08653846153846154 0.07211538461538461
0 0.3581730769230769 0.3173076923076923 0.10817307692307693 0.055288461538461536
0 0.020432692307692308 0.15504807692307693 0.040865384615384616 0.07692307692307693
2 0.7908653846153846 0.31009615384615385 0.41346153846153844 0.3870192307692308