1 0.8341346153846154 0.4483173076923077 0.16346153846153846 0.21153846153846154
1 0.9579326923076923 0.45072115384615385 0.08173076923076923 0.25721153846153844
1 0.5769230769230769 0.47836538461538464 0.21153846153846154 0.24519230769230768
1 0.21634615384615385 0.8713942307692307 0.17548076923076922 0.19951923076923078
1 0.06971153846153846 0.8942307692307693 0.1346153846153846 0.20673076923076922
1 0.19831730769230768 0.6105769230769231 0.17307692307692307 0.2403846153846154
1 0.09134615384615384 0.33533653846153844 0.1778846153846154 0.2548076923076923
1 0.1814903846153846 0.12620192307692307 0.17307692307692307 0.2403846153846154
1 0.35216346153846156 0.43990384615384615 0.17307692307692307 0.2403846153846154
1 0.65625 0.8509615384615384 0.18269230769230768 0.2932692307692308
1 0.8365384615384616 0.7872596153846154 0.16826923076923078 0.23076923076923078
1 0.8197115384615384 0.5600961538461539 0.16826923076923078 0.23076923076923078
1 0.7295673076923077 0.140625 0.125 0.20192307692307693
1 0.42427884615384615 0.2091346153846154 0.15384615384615385 0.2091346153846154
1 0.34375 0.06370192307692307 0.18269230769230768 0.12259615384615384
1 0.8930288461538461 0.24879807692307693 0.15384615384615385 0.2091346153846154
1 0.8221153846153846 0.9110576923076923 0.19230769230769232 0.17307692307692307
2 0.4362980769230769 0.8894230769230769 0.3605769230769231 0.21634615384615385