1 0.5396634615384616 0.10336538461538461 0.23557692307692307 0.16826923076923078
1 0.7716346153846154 0.22115384615384615 0.24519230769230768 0.2091346153846154
1 0.3473557692307692 0.9170673076923077 0.23076923076923078 0.16346153846153846
1 0.35697115384615385 0.6814903846153846 0.25961538461538464 0.15865384615384615
1 0.5625 0.375 0.23557692307692307 0.20432692307692307
1 0.8016826923076923 0.6971153846153846 0.25961538461538464 0.15865384615384615
1 0.8173076923076923 0.5300480769230769 0.28365384615384615 0.16346153846153846
1 0.0985576923076923 0.8100961538461539 0.1971153846153846 0.17307692307692307
1 0.9447115384615384 0.39302884615384615 0.10576923076923077 0.14423076923076922
1 0.09014423076923077 0.6538461538461539 0.18028846153846154 0.16346153846153846
1 0.06971153846153846 0.10096153846153846 0.13942307692307693 0.1875
1 0.6105769230769231 0.9699519230769231 0.21634615384615385 0.057692307692307696
1 0.9134615384615384 0.06850961538461539 0.16826923076923078 0.13221153846153846