1 0.625 0.7944711538461539 0.2091346153846154 0.17307692307692307
1 0.5492788461538461 0.5204326923076923 0.20673076923076922 0.2403846153846154
1 0.7836538461538461 0.359375 0.14182692307692307 0.1778846153846154
1 0.7608173076923077 0.6574519230769231 0.14903846153846154 0.25721153846153844
1 0.9146634615384616 0.453125 0.16826923076923078 0.21394230769230768
1 0.9038461538461539 0.6466346153846154 0.1875 0.20673076923076922
1 0.41947115384615385 0.5853365384615384 0.18990384615384615 0.20192307692307693
1 0.28846153846153844 0.6021634615384616 0.20432692307692307 0.21634615384615385
1 0.6442307692307693 0.9507211538461539 0.19951923076923078 0.09615384615384616
0 0.23557692307692307 0.9074519230769231 0.057692307692307696 0.07451923076923077
0 0.33653846153846156 0.9783653846153846 0.08653846153846154 0.038461538461538464
0 0.08413461538461539 0.8653846153846154 0.08653846153846154 0.125
0 0.20072115384615385 0.9651442307692307 0.08653846153846154 0.0673076923076923
0 0.29086538461538464 0.15985576923076922 0.08413461538461539 0.08173076923076923
0 0.8653846153846154 0.1875 0.052884615384615384 0.0625
2 0.8894230769230769 0.8581730769230769 0.21634615384615385 0.27884615384615385