1 0.9543269230769231 0.15144230769230768 0.08653846153846154 0.21634615384615385
1 0.8810096153846154 0.3016826923076923 0.17307692307692307 0.22596153846153846
1 0.7391826923076923 0.4182692307692308 0.17307692307692307 0.22596153846153846
1 0.7103365384615384 0.1045673076923077 0.17307692307692307 0.20673076923076922
1 0.5949519230769231 0.25841346153846156 0.15865384615384615 0.20673076923076922
1 0.49158653846153844 0.10336538461538461 0.15384615384615385 0.20192307692307693
1 0.22355769230769232 0.34375 0.18509615384615385 0.23317307692307693
1 0.2692307692307692 0.5949519230769231 0.18269230769230768 0.23798076923076922
1 0.8293269230769231 0.7776442307692307 0.17067307692307693 0.23798076923076922
1 0.2439903846153846 0.8545673076923077 0.17067307692307693 0.23798076923076922
1 0.4170673076923077 0.3269230769230769 0.18509615384615385 0.23317307692307693
1 0.2620192307692308 0.08413461538461539 0.16826923076923078 0.16346153846153846
1 0.06129807692307692 0.16826923076923078 0.1201923076923077 0.23798076923076922
2 0.5841346153846154 0.6838942307692307 0.375 0.4855769230769231
0 0.12139423076923077 0.5925480769230769 0.12980769230769232 0.15144230769230768
0 0.15264423076923078 0.9591346153846154 0.07932692307692307 0.07692307692307693