1 0.3317307692307692 0.4519230769230769 0.12740384615384615 0.3173076923076923
1 0.2776442307692308 0.17548076923076922 0.19951923076923078 0.22355769230769232
1 0.18509615384615385 0.41466346153846156 0.15865384615384615 0.20192307692307693
1 0.1466346153846154 0.6009615384615384 0.18028846153846154 0.21875
1 0.39903846153846156 0.7920673076923077 0.18990384615384615 0.24759615384615385
1 0.47716346153846156 0.5504807692307693 0.17548076923076922 0.21634615384615385
1 0.6189903846153846 0.41225961538461536 0.1971153846153846 0.21634615384615385
1 0.08774038461538461 0.8413461538461539 0.17067307692307693 0.27884615384615385
1 0.07451923076923077 0.2704326923076923 0.14903846153846154 0.2403846153846154
1 0.5949519230769231 0.1875 0.15384615384615385 0.24759615384615385
1 0.6911057692307693 0.1778846153846154 0.20673076923076922 0.2692307692307692
1 0.8774038461538461 0.6598557692307693 0.17307692307692307 0.23076923076923078
1 0.8918269230769231 0.7896634615384616 0.15865384615384615 0.20192307692307693
1 0.8317307692307693 0.34134615384615385 0.16105769230769232 0.1971153846153846
2 0.6394230769230769 0.7824519230769231 0.37259615384615385 0.4326923076923077
0 0.47115384615384615 0.20552884615384615 0.052884615384615384 0.0673076923076923
0 0.78125 0.9735576923076923 0.04326923076923077 0.04807692307692308