1 0.5408653846153846 0.5997596153846154 0.21634615384615385 0.14423076923076922
1 0.8810096153846154 0.578125 0.22355769230769232 0.16826923076923078
1 0.8209134615384616 0.33052884615384615 0.19230769230769232 0.12980769230769232
1 0.2956730769230769 0.7932692307692307 0.19951923076923078 0.13942307692307693
1 0.4483173076923077 0.7259615384615384 0.2091346153846154 0.15144230769230768
1 0.6646634615384616 0.8112980769230769 0.2091346153846154 0.15144230769230768
1 0.1141826923076923 0.5408653846153846 0.22355769230769232 0.1778846153846154
1 0.46875 0.04807692307692308 0.23317307692307693 0.09615384615384616
1 0.13221153846153846 0.3954326923076923 0.24759615384615385 0.16826923076923078
1 0.8810096153846154 0.1045673076923077 0.23317307692307693 0.15144230769230768
2 0.5384615384615384 0.2932692307692308 0.3317307692307692 0.27884615384615385
0 0.44350961538461536 0.8461538461538461 0.06971153846153846 0.052884615384615384
0 0.9519230769230769 0.28725961538461536 0.08653846153846154 0.052884615384615384
0 0.8353365384615384 0.08052884615384616 0.05048076923076923 0.03125
0 0.6850961538461539 0.6262019230769231 0.06971153846153846 0.057692307692307696