1 0.33653846153846156 0.6634615384615384 0.18269230769230768 0.23798076923076922
1 0.6574519230769231 0.609375 0.18028846153846154 0.14903846153846154
1 0.7007211538461539 0.3605769230769231 0.18269230769230768 0.15865384615384615
1 0.5913461538461539 0.47115384615384615 0.18269230769230768 0.15865384615384615
1 0.7067307692307693 0.7151442307692307 0.23557692307692307 0.15384615384615385
1 0.4987980769230769 0.29447115384615385 0.21394230769230768 0.15384615384615385
1 0.17427884615384615 0.5528846153846154 0.18269230769230768 0.15865384615384615
1 0.12740384615384615 0.6610576923076923 0.18269230769230768 0.15625
1 0.21394230769230768 0.7980769230769231 0.23317307692307693 0.15865384615384615
1 0.5036057692307693 0.07091346153846154 0.1875 0.14182692307692307
1 0.10697115384615384 0.052884615384615384 0.2091346153846154 0.10576923076923077
1 0.8894230769230769 0.08413461538461539 0.16105769230769232 0.16346153846153846
1 0.43509615384615385 0.9375 0.18028846153846154 0.12259615384615384
1 0.7572115384615384 0.9375 0.18028846153846154 0.12259615384615384
1 0.9338942307692307 0.8293269230769231 0.12740384615384615 0.15865384615384615
1 0.3557692307692308 0.22956730769230768 0.22115384615384615 0.15865384615384615
2 0.10817307692307693 0.32211538461538464 0.21153846153846154 0.23557692307692307
0 0.4110576923076923 0.08533653846153846 0.055288461538461536 0.04567307692307692