1 0.44711538461538464 0.8870192307692307 0.16346153846153846 0.18990384615384615
1 0.8870192307692307 0.4266826923076923 0.18269230769230768 0.25961538461538464
1 0.8365384615384616 0.17668269230769232 0.13942307692307693 0.23798076923076922
1 0.9302884615384616 0.13581730769230768 0.13701923076923078 0.23798076923076922
1 0.6526442307692307 0.5733173076923077 0.1658653846153846 0.19951923076923078
1 0.3112980769230769 0.6189903846153846 0.1658653846153846 0.19951923076923078
1 0.13701923076923078 0.2403846153846154 0.16105769230769232 0.21634615384615385
1 0.5336538461538461 0.47716346153846156 0.15144230769230768 0.1971153846153846
1 0.8329326923076923 0.8401442307692307 0.14903846153846154 0.21634615384615385
2 0.33774038461538464 0.3233173076923077 0.3125 0.4182692307692308
0 0.026442307692307692 0.6899038461538461 0.05048076923076923 0.07211538461538461
0 0.09254807692307693 0.08413461538461539 0.052884615384615384 0.08653846153846154