1 0.22115384615384615 0.13701923076923078 0.1875 0.18269230769230768
1 0.0625 0.19591346153846154 0.125 0.1875
1 0.44591346153846156 0.07932692307692307 0.1346153846153846 0.15384615384615385
1 0.07692307692307693 0.6838942307692307 0.15384615384615385 0.23798076923076922
1 0.17668269230769232 0.5120192307692307 0.20192307692307693 0.23557692307692307
1 0.8737980769230769 0.4987980769230769 0.20192307692307693 0.23557692307692307
1 0.7596153846153846 0.5276442307692307 0.20192307692307693 0.23557692307692307
1 0.49759615384615385 0.4567307692307692 0.16346153846153846 0.18269230769230768
1 0.0985576923076923 0.8930288461538461 0.1971153846153846 0.2091346153846154
1 0.8942307692307693 0.7331730769230769 0.13701923076923078 0.23317307692307693
1 0.9158653846153846 0.12980769230769232 0.16346153846153846 0.2548076923076923
1 0.6706730769230769 0.04447115384615385 0.16826923076923078 0.08653846153846154
0 0.3317307692307692 0.7920673076923077 0.06490384615384616 0.09375
0 0.8413461538461539 0.8665865384615384 0.07211538461538461 0.11057692307692307
2 0.5300480769230769 0.8052884615384616 0.35336538461538464 0.38461538461538464