1 0.5036057692307693 0.10216346153846154 0.17548076923076922 0.20432692307692307
1 0.1658653846153846 0.30528846153846156 0.17548076923076922 0.20432692307692307
1 0.7487980769230769 0.9086538461538461 0.1778846153846154 0.1778846153846154
1 0.4206730769230769 0.3581730769230769 0.2091346153846154 0.23557692307692307
1 0.32211538461538464 0.21514423076923078 0.17307692307692307 0.18990384615384615
1 0.36177884615384615 0.09134615384615384 0.18509615384615385 0.18269230769230768
1 0.6526442307692307 0.2548076923076923 0.17548076923076922 0.20432692307692307
1 0.6766826923076923 0.38341346153846156 0.1658653846153846 0.2403846153846154
1 0.234375 0.7487980769230769 0.18990384615384615 0.24759615384615385
1 0.265625 0.9350961538461539 0.1778846153846154 0.125
1 0.4375 0.9278846153846154 0.20673076923076922 0.13942307692307693
1 0.055288461538461536 0.46153846153846156 0.10576923076923077 0.22115384615384615
1 0.8858173076923077 0.8233173076923077 0.1466346153846154 0.20192307692307693
1 0.8413461538461539 0.45913461538461536 0.1658653846153846 0.28846153846153844
0 0.5757211538461539 0.8810096153846154 0.055288461538461536 0.08653846153846154
2 0.4639423076923077 0.6442307692307693 0.33653846153846156 0.41346153846153844