1 0.4182692307692308 0.7307692307692307 0.19230769230769232 0.22115384615384615
1 0.5865384615384616 0.7920673076923077 0.1466346153846154 0.20432692307692307
1 0.609375 0.5745192307692307 0.1466346153846154 0.20432692307692307
1 0.7199519230769231 0.39302884615384615 0.1466346153846154 0.20432692307692307
1 0.3245192307692308 0.6682692307692307 0.12980769230769232 0.17307692307692307
1 0.7800480769230769 0.08653846153846154 0.16105769230769232 0.16826923076923078
1 0.4855769230769231 0.09014423076923077 0.1875 0.1778846153846154
1 0.0889423076923077 0.09014423076923077 0.17307692307692307 0.18028846153846154
1 0.8665865384615384 0.7980769230769231 0.18509615384615385 0.21394230769230768
1 0.6923076923076923 0.9182692307692307 0.22115384615384615 0.15865384615384615
1 0.9302884615384616 0.171875 0.1346153846153846 0.22115384615384615
1 0.9483173076923077 0.4387019230769231 0.10096153846153846 0.2860576923076923
1 0.13221153846153846 0.7019230769230769 0.18509615384615385 0.2644230769230769
1 0.1045673076923077 0.28365384615384615 0.18509615384615385 0.2644230769230769
2 0.26322115384615385 0.3701923076923077 0.20673076923076922 0.28846153846153844
0 0.48677884615384615 0.5540865384615384 0.07211538461538461 0.08653846153846154
0 0.4014423076923077 0.41586538461538464 0.07211538461538461 0.08653846153846154
1 0.8052884615384616 0.41466346153846156 0.10576923076923077 0.18269230769230768