1 0.32211538461538464 0.7560096153846154 0.19951923076923078 0.17307692307692307
1 0.3401442307692308 0.5901442307692307 0.19230769230769232 0.15865384615384615
1 0.859375 0.6911057692307693 0.19230769230769232 0.15865384615384615
1 0.14543269230769232 0.14182692307692307 0.2644230769230769 0.19230769230769232
1 0.11298076923076923 0.5204326923076923 0.22596153846153846 0.23798076923076922
1 0.5180288461538461 0.3473557692307692 0.1971153846153846 0.1778846153846154
1 0.7367788461538461 0.4074519230769231 0.17548076923076922 0.125
1 0.8125 0.5685096153846154 0.16826923076923078 0.15865384615384615
1 0.7908653846153846 0.8870192307692307 0.2403846153846154 0.18990384615384615
1 0.3088942307692308 0.4495192307692308 0.22596153846153846 0.17307692307692307
1 0.14302884615384615 0.734375 0.23557692307692307 0.16105769230769232
2 0.6129807692307693 0.5300480769230769 0.25240384615384615 0.21634615384615385