1 0.2980769230769231 0.8509615384615384 0.2692307692307692 0.1778846153846154
1 0.7680288461538461 0.4807692307692308 0.2692307692307692 0.1778846153846154
1 0.5516826923076923 0.671875 0.21634615384615385 0.22115384615384615
1 0.42788461538461536 0.19591346153846154 0.22115384615384615 0.15865384615384615
1 0.5721153846153846 0.109375 0.22115384615384615 0.15865384615384615
1 0.8305288461538461 0.22115384615384615 0.2860576923076923 0.16826923076923078
1 0.7175480769230769 0.9182692307692307 0.28125 0.15865384615384615
1 0.8990384615384616 0.8341346153846154 0.1971153846153846 0.1778846153846154
1 0.7560096153846154 0.0673076923076923 0.22115384615384615 0.12980769230769232
1 0.3245192307692308 0.0673076923076923 0.23557692307692307 0.12980769230769232
2 0.24639423076923078 0.5060096153846154 0.49038461538461536 0.37740384615384615
0 0.18990384615384615 0.7199519230769231 0.07932692307692307 0.06490384615384616
0 0.5697115384615384 0.8822115384615384 0.10336538461538461 0.08653846153846154