1 0.4266826923076923 0.140625 0.23317307692307693 0.14182692307692307
1 0.6754807692307693 0.4266826923076923 0.23317307692307693 0.1971153846153846
1 0.47836538461538464 0.8966346153846154 0.22115384615384615 0.1466346153846154
1 0.4266826923076923 0.7584134615384616 0.22596153846153846 0.17067307692307693
1 0.8894230769230769 0.6682692307692307 0.21634615384615385 0.19951923076923078
1 0.9242788461538461 0.5012019230769231 0.1466346153846154 0.20192307692307693
1 0.9242788461538461 0.29927884615384615 0.1466346153846154 0.14903846153846154
1 0.9399038461538461 0.16346153846153846 0.11538461538461539 0.12980769230769232
1 0.24759615384615385 0.2512019230769231 0.1778846153846154 0.15384615384615385
1 0.07451923076923077 0.41586538461538464 0.14423076923076922 0.18269230769230768
1 0.06009615384615385 0.23557692307692307 0.1201923076923077 0.16826923076923078
1 0.06009615384615385 0.6478365384615384 0.1201923076923077 0.16826923076923078
1 0.84375 0.8617788461538461 0.21153846153846154 0.1346153846153846
1 0.6838942307692307 0.6862980769230769 0.19951923076923078 0.15384615384615385
1 0.25240384615384615 0.84375 0.21153846153846154 0.16826923076923078
2 0.34134615384615385 0.4735576923076923 0.40865384615384615 0.2932692307692308
0 0.6334134615384616 0.08653846153846154 0.1346153846153846 0.11538461538461539