1 0.4723557692307692 0.22355769230769232 0.22115384615384615 0.19471153846153846
1 0.24158653846153846 0.3233173076923077 0.23317307692307693 0.16826923076923078
1 0.2283653846153846 0.21514423076923078 0.20192307692307693 0.15384615384615385
1 0.8870192307692307 0.3545673076923077 0.22115384615384615 0.19951923076923078
1 0.12139423076923077 0.7848557692307693 0.23317307692307693 0.17067307692307693
1 0.5096153846153846 0.7980769230769231 0.25 0.1778846153846154
1 0.40384615384615385 0.7680288461538461 0.2283653846153846 0.1778846153846154
1 0.6262019230769231 0.4735576923076923 0.21153846153846154 0.18509615384615385
1 0.7271634615384616 0.9399038461538461 0.2668269230769231 0.11538461538461539
1 0.9326923076923077 0.9206730769230769 0.1346153846153846 0.15384615384615385
1 0.9314903846153846 0.7836538461538461 0.13221153846153846 0.17307692307692307
1 0.9050480769230769 0.5757211538461539 0.18509615384615385 0.17548076923076922
1 0.7704326923076923 0.7319711538461539 0.21634615384615385 0.1658653846153846
1 0.6694711538461539 0.40865384615384615 0.21634615384615385 0.1658653846153846
1 0.8125 0.1466346153846154 0.21634615384615385 0.1658653846153846
1 0.3473557692307692 0.07692307692307693 0.25 0.15384615384615385
1 0.41947115384615385 0.45552884615384615 0.16105769230769232 0.16826923076923078
1 0.38221153846153844 0.9338942307692307 0.23557692307692307 0.12980769230769232
2 0.1814903846153846 0.609375 0.35096153846153844 0.2644230769230769