1 0.23677884615384615 0.2800480769230769 0.27884615384615385 0.15865384615384615
1 0.5168269230769231 0.0829326923076923 0.23076923076923078 0.16346153846153846
1 0.09375 0.15745192307692307 0.1875 0.1778846153846154
1 0.48677884615384615 0.6971153846153846 0.2091346153846154 0.1778846153846154
1 0.8737980769230769 0.6069711538461539 0.24759615384615385 0.1778846153846154
1 0.8810096153846154 0.36778846153846156 0.19951923076923078 0.16826923076923078
1 0.6850961538461539 0.7055288461538461 0.2091346153846154 0.1778846153846154
1 0.890625 0.7584134615384616 0.21634615384615385 0.18269230769230768
1 0.32572115384615385 0.5108173076923077 0.16105769230769232 0.18269230769230768
1 0.12259615384615384 0.5769230769230769 0.24519230769230768 0.10817307692307693
1 0.265625 0.10096153846153846 0.1971153846153846 0.14903846153846154
1 0.8605769230769231 0.1971153846153846 0.21153846153846154 0.15384615384615385
1 0.6334134615384616 0.9290865384615384 0.23317307692307693 0.13701923076923078
2 0.6165865384615384 0.5060096153846154 0.45913461538461536 0.3557692307692308