1 0.9555288461538461 0.7019230769230769 0.08413461538461539 0.22596153846153846
1 0.6310096153846154 0.8701923076923077 0.20673076923076922 0.22115384615384615
1 0.7860576923076923 0.5853365384615384 0.15865384615384615 0.22596153846153846
1 0.11177884615384616 0.5 0.16826923076923078 0.25
1 0.37259615384615385 0.9290865384615384 0.15384615384615385 0.13942307692307693
1 0.8245192307692307 0.9254807692307693 0.17548076923076922 0.14423076923076922
1 0.9375 0.109375 0.1201923076923077 0.21875
1 0.29086538461538464 0.515625 0.16826923076923078 0.22115384615384615
1 0.6189903846153846 0.6310096153846154 0.20673076923076922 0.23317307692307693
1 0.44711538461538464 0.78125 0.1875 0.22115384615384615
1 0.8052884615384616 0.4230769230769231 0.12740384615384615 0.15865384615384615
2 0.5084134615384616 0.34134615384615385 0.37259615384615385 0.47596153846153844