1 0.6670673076923077 0.15745192307692307 0.16826923076923078 0.24759615384615385
1 0.8401442307692307 0.41346153846153844 0.16826923076923078 0.24759615384615385
1 0.8137019230769231 0.6790865384615384 0.20432692307692307 0.2403846153846154
1 0.9278846153846154 0.859375 0.13942307692307693 0.21875
1 0.7319711538461539 0.8822115384615384 0.1778846153846154 0.23076923076923078
1 0.9483173076923077 0.27884615384615385 0.10096153846153846 0.2403846153846154
1 0.8269230769230769 0.07211538461538461 0.15625 0.14423076923076922
1 0.49278846153846156 0.8257211538461539 0.125 0.24278846153846154
1 0.4170673076923077 0.8245192307692307 0.19951923076923078 0.20192307692307693
1 0.21634615384615385 0.8293269230769231 0.17307692307692307 0.24278846153846154
1 0.6670673076923077 0.35216346153846156 0.15144230769230768 0.18269230769230768
1 0.35697115384615385 0.10697115384615384 0.1658653846153846 0.20673076923076922
1 0.12139423076923077 0.49278846153846156 0.1658653846153846 0.20673076923076922
1 0.22716346153846154 0.10576923076923077 0.1658653846153846 0.21153846153846154
1 0.10697115384615384 0.2800480769230769 0.1875 0.2548076923076923
2 0.36658653846153844 0.5144230769230769 0.40384615384615385 0.5288461538461539