1 0.5540865384615384 0.9026442307692307 0.1658653846153846 0.19230769230769232
1 0.10336538461538461 0.4338942307692308 0.1875 0.2644230769230769
1 0.15625 0.17908653846153846 0.14182692307692307 0.24278846153846154
1 0.06610576923076923 0.1346153846153846 0.13221153846153846 0.24519230769230768
1 0.34375 0.5829326923076923 0.16826923076923078 0.20432692307692307
1 0.6935096153846154 0.6298076923076923 0.16826923076923078 0.20432692307692307
1 0.8713942307692307 0.2439903846153846 0.16346153846153846 0.21875
1 0.4651442307692308 0.4855769230769231 0.15384615384615385 0.19951923076923078
1 0.15985576923076922 0.8569711538461539 0.15384615384615385 0.21875
2 0.6658653846153846 0.328125 0.3173076923076923 0.4254807692307692
0 0.9783653846153846 0.7019230769230769 0.038461538461538464 0.07211538461538461
0 0.9170673076923077 0.08413461538461539 0.052884615384615384 0.08653846153846154