1 0.5096153846153846 0.08413461538461539 0.18509615384615385 0.16826923076923078
1 0.8617788461538461 0.2704326923076923 0.18269230769230768 0.21153846153846154
1 0.2548076923076923 0.9014423076923077 0.18509615384615385 0.19230769230769232
1 0.5961538461538461 0.3245192307692308 0.21634615384615385 0.24519230769230768
1 0.6983173076923077 0.17668269230769232 0.1778846153846154 0.1971153846153846
1 0.6574519230769231 0.07091346153846154 0.19230769230769232 0.14182692307692307
1 0.3545673076923077 0.21875 0.18269230769230768 0.21153846153846154
1 0.3293269230769231 0.35216346153846156 0.17307692307692307 0.25
1 0.7908653846153846 0.7319711538461539 0.1971153846153846 0.25961538461538464
1 0.7572115384615384 0.9290865384615384 0.18509615384615385 0.13701923076923078
1 0.5793269230769231 0.921875 0.21634615384615385 0.15384615384615385
1 0.9591346153846154 0.4326923076923077 0.07692307692307693 0.2283653846153846
1 0.11177884615384616 0.8088942307692307 0.15384615384615385 0.21153846153846154
1 0.15865384615384615 0.43028846153846156 0.17307692307692307 0.3004807692307692
0 0.43509615384615385 0.8701923076923077 0.057692307692307696 0.09134615384615384
2 0.5516826923076923 0.6237980769230769 0.35096153846153844 0.43028846153846156