2 0.31009615384615385 0.40384615384615385 0.28365384615384615 0.3894230769230769
0 0.18629807692307693 0.2692307692307692 0.0625 0.0673076923076923
0 0.2692307692307692 0.9771634615384616 0.0673076923076923 0.040865384615384616
0 0.6694711538461539 0.5540865384615384 0.0625 0.0673076923076923
1 0.11177884615384616 0.5661057692307693 0.18509615384615385 0.20192307692307693
1 0.09014423076923077 0.49038461538461536 0.18028846153846154 0.20673076923076922
1 0.5504807692307693 0.6117788461538461 0.16826923076923078 0.20192307692307693
1 0.6334134615384616 0.7451923076923077 0.16826923076923078 0.20192307692307693
1 0.5384615384615384 0.8617788461538461 0.19230769230769232 0.2283653846153846
1 0.828125 0.78125 0.22596153846153846 0.2283653846153846
1 0.8521634615384616 0.5793269230769231 0.1778846153846154 0.2644230769230769
1 0.9519230769230769 0.11899038461538461 0.09375 0.23557692307692307
1 0.7668269230769231 0.10336538461538461 0.21634615384615385 0.20192307692307693
1 0.5348557692307693 0.08653846153846154 0.19230769230769232 0.16826923076923078
1 0.6971153846153846 0.36899038461538464 0.17067307692307693 0.21875
1 0.08653846153846154 0.8497596153846154 0.13942307692307693 0.2956730769230769