1 0.2764423076923077 0.9002403846153846 0.1971153846153846 0.19471153846153846
1 0.3076923076923077 0.08413461538461539 0.18509615384615385 0.1658653846153846
1 0.9302884615384616 0.38822115384615385 0.1346153846153846 0.22355769230769232
1 0.09375 0.6959134615384616 0.1875 0.17548076923076922
1 0.38341346153846156 0.625 0.19230769230769232 0.20432692307692307
1 0.19471153846153846 0.2247596153846154 0.19230769230769232 0.20432692307692307
1 0.4795673076923077 0.2548076923076923 0.18028846153846154 0.21634615384615385
1 0.8725961538461539 0.8401442307692307 0.1875 0.25
1 0.9314903846153846 0.6730769230769231 0.1346153846153846 0.20673076923076922
0 0.4411057692307692 0.7836538461538461 0.057692307692307696 0.07692307692307693
2 0.7067307692307693 0.2620192307692308 0.3293269230769231 0.38461538461538464