1 0.6418269230769231 0.3269230769230769 0.23557692307692307 0.1875
1 0.41466346153846156 0.2704326923076923 0.1971153846153846 0.15865384615384615
1 0.09615384615384616 0.1045673076923077 0.19230769230769232 0.20192307692307693
1 0.1622596153846154 0.8088942307692307 0.20192307692307693 0.16105769230769232
1 0.7668269230769231 0.8125 0.20673076923076922 0.16346153846153846
1 0.8317307692307693 0.5372596153846154 0.21634615384615385 0.1778846153846154
1 0.5432692307692307 0.11177884615384616 0.23557692307692307 0.21875
1 0.3233173076923077 0.0673076923076923 0.1971153846153846 0.1346153846153846
1 0.5625 0.7704326923076923 0.20673076923076922 0.16346153846153846
1 0.15625 0.6634615384615384 0.2091346153846154 0.18028846153846154
2 0.3485576923076923 0.47716346153846156 0.4639423076923077 0.35096153846153844