1 0.953125 0.28846153846153844 0.0889423076923077 0.23557692307692307
1 0.6189903846153846 0.11538461538461539 0.21394230769230768 0.22596153846153846
1 0.7788461538461539 0.40625 0.16346153846153846 0.23076923076923078
1 0.08774038461538461 0.49278846153846156 0.17067307692307693 0.25961538461538464
1 0.35336538461538464 0.0625 0.15865384615384615 0.1201923076923077
1 0.8197115384615384 0.06610576923076923 0.18269230769230768 0.12980769230769232
1 0.9350961538461539 0.890625 0.125 0.21394230769230768
1 0.2692307692307692 0.47716346153846156 0.17307692307692307 0.2283653846153846
1 0.6081730769230769 0.3581730769230769 0.21153846153846154 0.2403846153846154
1 0.43149038461538464 0.20432692307692307 0.19471153846153846 0.2283653846153846
1 0.7992788461538461 0.5721153846153846 0.12980769230769232 0.16105769230769232
2 0.49399038461538464 0.65625 0.38461538461538464 0.49038461538461536