1 0.5985576923076923 0.6045673076923077 0.2091346153846154 0.24519230769230768
1 0.8173076923076923 0.4519230769230769 0.16346153846153846 0.21634615384615385
1 0.9387019230769231 0.8930288461538461 0.11778846153846154 0.2091346153846154
1 0.8894230769230769 0.6790865384615384 0.20432692307692307 0.21394230769230768
1 0.4951923076923077 0.3389423076923077 0.15865384615384615 0.18990384615384615
1 0.5408653846153846 0.20432692307692307 0.17307692307692307 0.24519230769230768
1 0.5649038461538461 0.1045673076923077 0.17307692307692307 0.20432692307692307
1 0.3016826923076923 0.4110576923076923 0.19471153846153846 0.1875
1 0.14543269230769232 0.052884615384615384 0.18990384615384615 0.10096153846153846
1 0.21875 0.20793269230769232 0.23317307692307693 0.2620192307692308
1 0.3942307692307692 0.09254807692307693 0.17548076923076922 0.18028846153846154
1 0.0985576923076923 0.890625 0.1971153846153846 0.21394230769230768
1 0.7175480769230769 0.13581730769230768 0.16826923076923078 0.23076923076923078
1 0.45072115384615385 0.8617788461538461 0.17067307692307693 0.23076923076923078
1 0.9050480769230769 0.28725961538461536 0.16826923076923078 0.23076923076923078
0 0.5913461538461539 0.8473557692307693 0.0673076923076923 0.10336538461538461
0 0.9915865384615384 0.7836538461538461 0.01201923076923077 0.11057692307692307
2 0.2764423076923077 0.6766826923076923 0.3293269230769231 0.3701923076923077