1 0.4026442307692308 0.9158653846153846 0.18990384615384615 0.16346153846153846
1 0.5685096153846154 0.8810096153846154 0.17548076923076922 0.23317307692307693
1 0.4411057692307692 0.43509615384615385 0.14423076923076922 0.21634615384615385
1 0.13942307692307693 0.6033653846153846 0.18028846153846154 0.27403846153846156
1 0.5060096153846154 0.07451923076923077 0.1466346153846154 0.14423076923076922
1 0.6225961538461539 0.07451923076923077 0.1466346153846154 0.14423076923076922
1 0.057692307692307696 0.25240384615384615 0.11298076923076923 0.25240384615384615
1 0.2403846153846154 0.3076923076923077 0.19951923076923078 0.23557692307692307
1 0.8305288461538461 0.9326923076923077 0.18990384615384615 0.12980769230769232
1 0.9146634615384616 0.9110576923076923 0.15625 0.17307692307692307
2 0.6911057692307693 0.6213942307692307 0.20673076923076922 0.27884615384615385
0 0.019230769230769232 0.7788461538461539 0.036057692307692304 0.09615384615384616
0 0.1201923076923077 0.15865384615384615 0.055288461538461536 0.09134615384615384