1 0.10576923076923077 0.4411057692307692 0.18509615384615385 0.27403846153846156
1 0.09495192307692307 0.7415865384615384 0.1875 0.22596153846153846
1 0.20793269230769232 0.8088942307692307 0.15625 0.21153846153846154
1 0.6586538461538461 0.6069711538461539 0.15625 0.21153846153846154
1 0.3233173076923077 0.27163461538461536 0.19471153846153846 0.1971153846153846
1 0.11778846153846154 0.07451923076923077 0.19471153846153846 0.14423076923076922
1 0.9110576923076923 0.7704326923076923 0.17548076923076922 0.21634615384615385
1 0.46274038461538464 0.43509615384615385 0.21634615384615385 0.25721153846153844
1 0.5480769230769231 0.13942307692307693 0.17548076923076922 0.23557692307692307
1 0.9038461538461539 0.546875 0.1875 0.23557692307692307
2 0.4182692307692308 0.859375 0.3605769230769231 0.2764423076923077