2 0.2848557692307692 0.34375 0.2548076923076923 0.19951923076923078
1 0.6814903846153846 0.4483173076923077 0.22115384615384615 0.17307692307692307
1 0.24519230769230768 0.5348557692307693 0.22115384615384615 0.17307692307692307
1 0.6213942307692307 0.6262019230769231 0.1971153846153846 0.14182692307692307
1 0.7139423076923077 0.78125 0.1971153846153846 0.14182692307692307
1 0.75 0.7247596153846154 0.1971153846153846 0.14182692307692307
1 0.8774038461538461 0.6153846153846154 0.23076923076923078 0.1971153846153846
1 0.5528846153846154 0.3858173076923077 0.18509615384615385 0.15384615384615385
1 0.7944711538461539 0.23197115384615385 0.2403846153846154 0.20192307692307693
1 0.09615384615384616 0.16105769230769232 0.19230769230769232 0.17307692307692307
1 0.11298076923076923 0.34615384615384615 0.16826923076923078 0.15625
1 0.09375 0.7211538461538461 0.18269230769230768 0.1778846153846154
1 0.375 0.8954326923076923 0.1875 0.17307692307692307
1 0.5036057692307693 0.9014423076923077 0.1875 0.17307692307692307
1 0.6201923076923077 0.9266826923076923 0.20673076923076922 0.14423076923076922
1 0.31009615384615385 0.7992788461538461 0.20432692307692307 0.14903846153846154
1 0.234375 0.7151442307692307 0.20432692307692307 0.14903846153846154
1 0.3786057692307692 0.7307692307692307 0.20432692307692307 0.14903846153846154
1 0.4326923076923077 0.7307692307692307 0.21153846153846154 0.16346153846153846
1 0.4375 0.6923076923076923 0.21153846153846154 0.16346153846153846
1 0.4831730769230769 0.6274038461538461 0.21153846153846154 0.16346153846153846
1 0.6045673076923077 0.16947115384615385 0.21875 0.19230769230769232
1 0.9254807692307693 0.8088942307692307 0.14423076923076922 0.19951923076923078
1 0.8810096153846154 0.06850961538461539 0.23317307692307693 0.13701923076923078
0 0.2644230769230769 0.18509615384615385 0.09615384615384616 0.06009615384615385