1 0.14903846153846154 0.8389423076923077 0.19951923076923078 0.15384615384615385
1 0.09495192307692307 0.4014423076923077 0.1875 0.15625
1 0.21514423076923078 0.27884615384615385 0.20192307692307693 0.18269230769230768
1 0.42908653846153844 0.22956730769230768 0.1971153846153846 0.16105769230769232
1 0.6454326923076923 0.2668269230769231 0.20673076923076922 0.16346153846153846
1 0.47836538461538464 0.3870192307692308 0.21634615384615385 0.14182692307692307
1 0.6947115384615384 0.7451923076923077 0.20432692307692307 0.17548076923076922
1 0.7379807692307693 0.4699519230769231 0.24519230769230768 0.18509615384615385
1 0.875 0.859375 0.23798076923076922 0.1778846153846154
1 0.8882211538461539 0.6274038461538461 0.21875 0.20192307692307693
1 0.5336538461538461 0.8677884615384616 0.20432692307692307 0.17548076923076922
1 0.4483173076923077 0.921875 0.2091346153846154 0.15144230769230768
1 0.5516826923076923 0.5985576923076923 0.22355769230769232 0.18269230769230768
1 0.8521634615384616 0.16105769230769232 0.24519230769230768 0.18509615384615385
1 0.5889423076923077 0.0889423076923077 0.23076923076923078 0.16826923076923078
1 0.11057692307692307 0.09495192307692307 0.21634615384615385 0.17067307692307693
1 0.3713942307692308 0.06971153846153846 0.21875 0.1346153846153846
1 0.921875 0.45072115384615385 0.15144230769230768 0.17067307692307693
2 0.2283653846153846 0.6033653846153846 0.4519230769230769 0.3485576923076923