1 0.140625 0.8725961538461539 0.18269230769230768 0.23317307692307693
1 0.0889423076923077 0.6213942307692307 0.1778846153846154 0.2764423076923077
1 0.453125 0.20072115384615385 0.1778846153846154 0.27163461538461536
1 0.1935096153846154 0.14903846153846154 0.17067307692307693 0.19951923076923078
1 0.25841346153846156 0.12259615384615384 0.17067307692307693 0.19951923076923078
1 0.03125 0.3401442307692308 0.0625 0.23557692307692307
1 0.6189903846153846 0.3786057692307692 0.15384615384615385 0.21634615384615385
1 0.6983173076923077 0.6370192307692307 0.1778846153846154 0.21634615384615385
1 0.7415865384615384 0.9182692307692307 0.18509615384615385 0.15865384615384615
1 0.4855769230769231 0.890625 0.1778846153846154 0.21634615384615385
1 0.8401442307692307 0.8149038461538461 0.1875 0.24519230769230768
2 0.40024038461538464 0.5528846153846154 0.375 0.45913461538461536