1 0.4182692307692308 0.6069711538461539 0.15384615384615385 0.21875
1 0.6634615384615384 0.6862980769230769 0.15384615384615385 0.21875
1 0.5829326923076923 0.6887019230769231 0.15384615384615385 0.21875
1 0.5492788461538461 0.8713942307692307 0.1658653846153846 0.21153846153846154
1 0.8040865384615384 0.8185096153846154 0.1658653846153846 0.21153846153846154
1 0.9230769230769231 0.8377403846153846 0.14903846153846154 0.21875
1 0.38100961538461536 0.921875 0.15384615384615385 0.15384615384615385
1 0.32211538461538464 0.90625 0.15384615384615385 0.17307692307692307
1 0.2848557692307692 0.8509615384615384 0.15384615384615385 0.17307692307692307
1 0.21875 0.8064903846153846 0.15384615384615385 0.17307692307692307
1 0.18028846153846154 0.7644230769230769 0.15384615384615385 0.17307692307692307
1 0.14903846153846154 0.7319711538461539 0.15384615384615385 0.17307692307692307
1 0.24158653846153846 0.5132211538461539 0.15384615384615385 0.17307692307692307
1 0.18870192307692307 0.5300480769230769 0.15384615384615385 0.17307692307692307
1 0.1310096153846154 0.5576923076923077 0.15384615384615385 0.17307692307692307
1 0.3137019230769231 0.3004807692307692 0.15865384615384615 0.22115384615384615
1 0.9266826923076923 0.34134615384615385 0.14182692307692307 0.22596153846153846
1 0.8088942307692307 0.2548076923076923 0.15865384615384615 0.22115384615384615
1 0.6538461538461539 0.30288461538461536 0.1346153846153846 0.17307692307692307
1 0.40024038461538464 0.11177884615384616 0.1346153846153846 0.17307692307692307
1 0.06490384615384616 0.38100961538461536 0.12740384615384615 0.17307692307692307
2 0.11778846153846154 0.17307692307692307 0.22596153846153846 0.2620192307692308
1 0.5721153846153846 0.4963942307692308 0.15384615384615385 0.21875
1 0.6802884615384616 0.19471153846153846 0.15384615384615385 0.21875
0 0.7151442307692307 0.055288461538461536 0.04807692307692308 0.06009615384615385