1 0.20432692307692307 0.3798076923076923 0.16105769230769232 0.20192307692307693
1 0.36538461538461536 0.2776442307692308 0.13942307692307693 0.20192307692307693
1 0.4963942307692308 0.27163461538461536 0.15625 0.2283653846153846
1 0.7860576923076923 0.2824519230769231 0.17307692307692307 0.21634615384615385
1 0.9182692307692307 0.30528846153846156 0.15865384615384615 0.25240384615384615
1 0.1502403846153846 0.0985576923076923 0.16346153846153846 0.19230769230769232
1 0.2512019230769231 0.6466346153846154 0.1778846153846154 0.25961538461538464
1 0.08413461538461539 0.6814903846153846 0.16346153846153846 0.19230769230769232
1 0.6201923076923077 0.4807692307692308 0.1658653846153846 0.22115384615384615
1 0.7740384615384616 0.5805288461538461 0.16346153846153846 0.1875
1 0.9302884615384616 0.8449519230769231 0.13701923076923078 0.18990384615384615
1 0.1502403846153846 0.8870192307692307 0.1778846153846154 0.21634615384615385
0 0.6430288461538461 0.055288461538461536 0.07211538461538461 0.09615384615384616
2 0.5096153846153846 0.828125 0.3389423076923077 0.34134615384615385
0 0.11778846153846154 0.9699519230769231 0.07211538461538461 0.055288461538461536