2 0.7211538461538461 0.18028846153846154 0.36538461538461536 0.3557692307692308
1 0.35697115384615385 0.15264423076923078 0.16826923076923078 0.20673076923076922
1 0.8509615384615384 0.5264423076923077 0.15384615384615385 0.2668269230769231
1 0.19471153846153846 0.08533653846153846 0.1466346153846154 0.16826923076923078
1 0.17548076923076922 0.6754807692307693 0.14423076923076922 0.1778846153846154
1 0.1875 0.3137019230769231 0.14423076923076922 0.1778846153846154
1 0.24639423076923078 0.3173076923076923 0.15144230769230768 0.22115384615384615
1 0.47716346153846156 0.17668269230769232 0.15144230769230768 0.24278846153846154
1 0.055288461538461536 0.8112980769230769 0.10576923076923077 0.21634615384615385
1 0.13221153846153846 0.7475961538461539 0.15144230769230768 0.21634615384615385
1 0.33774038461538464 0.5865384615384616 0.10336538461538461 0.18269230769230768
1 0.41346153846153844 0.5600961538461539 0.11057692307692307 0.2091346153846154
1 0.43509615384615385 0.8052884615384616 0.19230769230769232 0.24278846153846154
1 0.43028846153846156 0.9507211538461539 0.1778846153846154 0.09375
1 0.3545673076923077 0.8737980769230769 0.17548076923076922 0.24759615384615385
1 0.703125 0.921875 0.18028846153846154 0.15384615384615385
1 0.9242788461538461 0.8329326923076923 0.1466346153846154 0.2860576923076923
1 0.6646634615384616 0.5865384615384616 0.15384615384615385 0.23076923076923078
1 0.15865384615384615 0.47115384615384615 0.16826923076923078 0.24519230769230768