1 0.5973557692307693 0.125 0.18509615384615385 0.25
1 0.546875 0.6153846153846154 0.1875 0.24519230769230768
1 0.8545673076923077 0.6177884615384616 0.1875 0.24519230769230768
1 0.8064903846153846 0.3004807692307692 0.24519230769230768 0.37259615384615385
1 0.17427884615384615 0.8016826923076923 0.21875 0.2644230769230769
1 0.3016826923076923 0.7223557692307693 0.19471153846153846 0.2403846153846154
1 0.7151442307692307 0.8173076923076923 0.1875 0.24519230769230768
1 0.17067307692307693 0.6213942307692307 0.19471153846153846 0.2403846153846154
1 0.9338942307692307 0.8137019230769231 0.12740384615384615 0.24759615384615385
2 0.47596153846153844 0.890625 0.29086538461538464 0.21634615384615385
0 0.7367788461538461 0.4963942307692308 0.07451923076923077 0.08413461538461539
0 0.8449519230769231 0.03365384615384615 0.07932692307692307 0.0625