2 0.30408653846153844 0.703125 0.3894230769230769 0.28846153846153844
1 0.6790865384615384 0.5961538461538461 0.22115384615384615 0.18028846153846154
1 0.6274038461538461 0.6622596153846154 0.22115384615384615 0.18028846153846154
1 0.5396634615384616 0.2920673076923077 0.22115384615384615 0.15144230769230768
1 0.6790865384615384 0.1466346153846154 0.22115384615384615 0.18028846153846154
1 0.21875 0.07211538461538461 0.24519230769230768 0.14182692307692307
1 0.11298076923076923 0.5240384615384616 0.22115384615384615 0.15384615384615385
1 0.3425480769230769 0.9362980769230769 0.2091346153846154 0.12259615384615384
1 0.6081730769230769 0.9278846153846154 0.22596153846153846 0.13942307692307693
1 0.71875 0.8425480769230769 0.22355769230769232 0.16105769230769232
1 0.8497596153846154 0.4326923076923077 0.24519230769230768 0.20673076923076922
1 0.7728365384615384 0.30288461538461536 0.23076923076923078 0.15625
1 0.38100961538461536 0.07451923076923077 0.23557692307692307 0.14423076923076922
1 0.546875 0.34134615384615385 0.21875 0.10096153846153846
1 0.9206730769230769 0.26322115384615385 0.15384615384615385 0.16105769230769232
1 0.9206730769230769 0.16947115384615385 0.15384615384615385 0.16105769230769232
0 0.7848557692307693 0.7295673076923077 0.07451923076923077 0.057692307692307696
1 0.3401442307692308 0.19110576923076922 0.22115384615384615 0.15144230769230768
1 0.9146634615384616 0.7632211538461539 0.16826923076923078 0.16826923076923078
1 0.09254807692307693 0.796875 0.18028846153846154 0.21875