1 0.24639423076923078 0.5649038461538461 0.21153846153846154 0.19230769230769232
1 0.28365384615384615 0.8245192307692307 0.21153846153846154 0.19230769230769232
1 0.40865384615384615 0.8112980769230769 0.21153846153846154 0.19230769230769232
1 0.6298076923076923 0.7427884615384616 0.1778846153846154 0.19230769230769232
1 0.5120192307692307 0.36899038461538464 0.21875 0.14903846153846154
1 0.6009615384615384 0.2127403846153846 0.21875 0.14903846153846154
1 0.2091346153846154 0.11899038461538461 0.21875 0.14903846153846154
1 0.9122596153846154 0.4375 0.17067307692307693 0.16346153846153846
1 0.3076923076923077 0.3942307692307692 0.18990384615384615 0.15865384615384615
1 0.6862980769230769 0.5252403846153846 0.21153846153846154 0.16826923076923078
1 0.8076923076923077 0.9362980769230769 0.2403846153846154 0.125
1 0.8557692307692307 0.0889423076923077 0.21634615384615385 0.17307692307692307
2 0.8473557692307693 0.7043269230769231 0.3004807692307692 0.33653846153846156