1 0.33052884615384615 0.7379807692307693 0.23076923076923078 0.1971153846153846
1 0.6370192307692307 0.9146634615384616 0.23557692307692307 0.1658653846153846
1 0.8305288461538461 0.5456730769230769 0.23076923076923078 0.1971153846153846
1 0.7512019230769231 0.3713942307692308 0.21634615384615385 0.17548076923076922
1 0.8293269230769231 0.23677884615384615 0.21634615384615385 0.17548076923076922
1 0.6430288461538461 0.16105769230769232 0.22115384615384615 0.17307692307692307
1 0.9122596153846154 0.7584134615384616 0.17067307692307693 0.17067307692307693
1 0.5757211538461539 0.5649038461538461 0.19471153846153846 0.19471153846153846
1 0.8377403846153846 0.07572115384615384 0.20673076923076922 0.14903846153846154
1 0.5048076923076923 0.4362980769230769 0.20192307692307693 0.18028846153846154
1 0.4326923076923077 0.6105769230769231 0.23076923076923078 0.1778846153846154
1 0.18990384615384615 0.6634615384615384 0.21634615384615385 0.15384615384615385
1 0.4651442307692308 0.21153846153846154 0.1466346153846154 0.21634615384615385
2 0.25 0.3161057692307692 0.31009615384615385 0.2548076923076923
0 0.09975961538461539 0.5637019230769231 0.07211538461538461 0.06009615384615385
0 0.2439903846153846 0.12740384615384615 0.0625 0.05048076923076923