1 0.5060096153846154 0.0985576923076923 0.22596153846153846 0.19230769230769232
1 0.26802884615384615 0.6610576923076923 0.19230769230769232 0.20192307692307693
1 0.0673076923076923 0.5637019230769231 0.13221153846153846 0.20432692307692307
1 0.47596153846153844 0.5132211538461539 0.14903846153846154 0.20673076923076922
1 0.6826923076923077 0.09735576923076923 0.14182692307692307 0.18990384615384615
1 0.5997596153846154 0.3112980769230769 0.1346153846153846 0.18269230769230768
1 0.890625 0.9122596153846154 0.19230769230769232 0.17307692307692307
1 0.7704326923076923 0.4206730769230769 0.15384615384615385 0.18509615384615385
1 0.07451923076923077 0.36778846153846156 0.14423076923076922 0.1875
1 0.06009615384615385 0.17307692307692307 0.11778846153846154 0.1875
1 0.3737980769230769 0.5096153846153846 0.12740384615384615 0.16105769230769232
2 0.5709134615384616 0.7800480769230769 0.23076923076923078 0.2764423076923077
0 0.5769230769230769 0.5745192307692307 0.04807692307692308 0.0625
0 0.17427884615384615 0.5180288461538461 0.04807692307692308 0.0625