1 0.28365384615384615 0.18509615384615385 0.18269230769230768 0.28125
1 0.7668269230769231 0.4338942307692308 0.15384615384615385 0.22115384615384615
1 0.5877403846153846 0.08413461538461539 0.1778846153846154 0.16826923076923078
1 0.5564903846153846 0.4050480769230769 0.1778846153846154 0.23557692307692307
1 0.1466346153846154 0.5072115384615384 0.1778846153846154 0.20192307692307693
1 0.328125 0.6141826923076923 0.18269230769230768 0.17067307692307693
1 0.33774038461538464 0.39663461538461536 0.1658653846153846 0.20192307692307693
1 0.9074519230769231 0.6225961538461539 0.16346153846153846 0.25
1 0.08052884615384616 0.27163461538461536 0.16105769230769232 0.2548076923076923
1 0.6502403846153846 0.1814903846153846 0.20673076923076922 0.25240384615384615
1 0.6141826923076923 0.9447115384615384 0.21875 0.10576923076923077
2 0.6358173076923077 0.6947115384615384 0.33653846153846156 0.44711538461538464