2 0.17548076923076922 0.38822115384615385 0.34615384615384615 0.2860576923076923
1 0.3112980769230769 0.6310096153846154 0.20432692307692307 0.22115384615384615
1 0.06850961538461539 0.5889423076923077 0.13221153846153846 0.1778846153846154
1 0.2704326923076923 0.06009615384615385 0.23076923076923078 0.11538461538461539
1 0.15745192307692307 0.7211538461538461 0.2091346153846154 0.15865384615384615
1 0.4891826923076923 0.8185096153846154 0.18509615384615385 0.14182692307692307
1 0.4326923076923077 0.4543269230769231 0.18509615384615385 0.14182692307692307
1 0.43509615384615385 0.3605769230769231 0.18509615384615385 0.14182692307692307
1 0.4110576923076923 0.2860576923076923 0.18509615384615385 0.14182692307692307
1 0.36658653846153844 0.2548076923076923 0.18509615384615385 0.14182692307692307
1 0.32091346153846156 0.17067307692307693 0.18509615384615385 0.14182692307692307
1 0.6730769230769231 0.07932692307692307 0.18509615384615385 0.14182692307692307
1 0.49278846153846156 0.051682692307692304 0.22596153846153846 0.10096153846153846
1 0.9447115384615384 0.4831730769230769 0.10576923076923077 0.14182692307692307
1 0.59375 0.42908653846153844 0.1778846153846154 0.1778846153846154
1 0.8076923076923077 0.6370192307692307 0.16346153846153846 0.14182692307692307
1 0.5829326923076923 0.9302884615384616 0.27163461538461536 0.1346153846153846
1 0.8112980769230769 0.8088942307692307 0.25961538461538464 0.18269230769230768
1 0.22235576923076922 0.8894230769230769 0.25961538461538464 0.18028846153846154
1 0.09014423076923077 0.8990384615384616 0.1778846153846154 0.1466346153846154
1 0.4891826923076923 0.5504807692307693 0.18509615384615385 0.14182692307692307
1 0.6370192307692307 0.5540865384615384 0.18509615384615385 0.14182692307692307