1 0.8605769230769231 0.46033653846153844 0.22596153846153846 0.1875
1 0.5997596153846154 0.6995192307692307 0.2091346153846154 0.16346153846153846
1 0.41947115384615385 0.8665865384615384 0.25961538461538464 0.18990384615384615
1 0.33052884615384615 0.6646634615384616 0.25961538461538464 0.18990384615384615
1 0.5733173076923077 0.13221153846153846 0.15384615384615385 0.1875
1 0.13822115384615385 0.5204326923076923 0.18509615384615385 0.14903846153846154
1 0.28125 0.5336538461538461 0.18509615384615385 0.14903846153846154
1 0.08533653846153846 0.10576923076923077 0.16346153846153846 0.14903846153846154
1 0.1935096153846154 0.9242788461538461 0.1875 0.1466346153846154
2 0.39783653846153844 0.07091346153846154 0.28125 0.13701923076923078
0 0.75 0.040865384615384616 0.08173076923076923 0.06490384615384616
0 0.7223557692307693 0.5985576923076923 0.08173076923076923 0.055288461538461536
0 0.7439903846153846 0.5372596153846154 0.08173076923076923 0.055288461538461536
0 0.7884615384615384 0.6418269230769231 0.08653846153846154 0.0673076923076923