1 0.359375 0.14182692307692307 0.25961538461538464 0.15865384615384615
1 0.7644230769230769 0.1622596153846154 0.25961538461538464 0.15865384615384615
1 0.31009615384615385 0.3125 0.25961538461538464 0.15865384615384615
1 0.21153846153846154 0.8173076923076923 0.2548076923076923 0.18269230769230768
1 0.5853365384615384 0.4050480769230769 0.2403846153846154 0.16826923076923078
1 0.7908653846153846 0.4170673076923077 0.19230769230769232 0.1778846153846154
1 0.3954326923076923 0.9278846153846154 0.20432692307692307 0.14182692307692307
1 0.0985576923076923 0.44711538461538464 0.19230769230769232 0.1875
1 0.08052884615384616 0.2920673076923077 0.15625 0.16346153846153846
1 0.6310096153846154 0.6346153846153846 0.20673076923076922 0.20673076923076922
1 0.9146634615384616 0.5588942307692307 0.16826923076923078 0.18028846153846154
2 0.33533653846153844 0.5841346153846154 0.4423076923076923 0.37740384615384615
0 0.24879807692307693 0.9411057692307693 0.08653846153846154 0.052884615384615384