2 0.6850961538461539 0.6141826923076923 0.31009615384615385 0.375
1 0.8786057692307693 0.5324519230769231 0.13942307692307693 0.2692307692307692
1 0.2548076923076923 0.19471153846153846 0.17067307692307693 0.2548076923076923
1 0.07692307692307693 0.15625 0.15144230769230768 0.2548076923076923
1 0.16947115384615385 0.125 0.17307692307692307 0.24759615384615385
1 0.5456730769230769 0.07091346153846154 0.19471153846153846 0.13701923076923078
1 0.7007211538461539 0.07091346153846154 0.19471153846153846 0.13701923076923078
1 0.7139423076923077 0.11899038461538461 0.19230769230769232 0.18028846153846154
1 0.3161057692307692 0.5829326923076923 0.16826923076923078 0.20432692307692307
1 0.1201923076923077 0.4807692307692308 0.16826923076923078 0.20432692307692307
1 0.4182692307692308 0.44711538461538464 0.21634615384615385 0.25
1 0.06971153846153846 0.8064903846153846 0.13701923076923078 0.20673076923076922
1 0.9591346153846154 0.5997596153846154 0.07692307692307693 0.3004807692307692
1 0.7475961538461539 0.9026442307692307 0.25 0.18990384615384615
1 0.5649038461538461 0.36899038461538464 0.14182692307692307 0.1875
1 0.6586538461538461 0.28846153846153844 0.17548076923076922 0.20192307692307693
1 0.40384615384615385 0.6201923076923077 0.16826923076923078 0.20432692307692307