1 0.6790865384615384 0.7127403846153846 0.22115384615384615 0.23076923076923078
1 0.5372596153846154 0.6923076923076923 0.21153846153846154 0.19230769230769232
1 0.6286057692307693 0.2283653846153846 0.22596153846153846 0.20432692307692307
1 0.13581730769230768 0.2608173076923077 0.21875 0.17307692307692307
1 0.0829326923076923 0.30408653846153844 0.16105769230769232 0.15625
1 0.37259615384615385 0.0829326923076923 0.25961538461538464 0.1658653846153846
1 0.22956730769230768 0.5576923076923077 0.25721153846153844 0.18269230769230768
1 0.6466346153846154 0.9194711538461539 0.2644230769230769 0.15865384615384615
1 0.36538461538461536 0.859375 0.25240384615384615 0.16826923076923078
1 0.30288461538461536 0.6466346153846154 0.25240384615384615 0.16826923076923078
1 0.7475961538461539 0.4807692307692308 0.25240384615384615 0.16826923076923078
1 0.48677884615384615 0.4723557692307692 0.2692307692307692 0.19951923076923078
2 0.8834134615384616 0.6658653846153846 0.2283653846153846 0.47596153846153844
1 0.8918269230769231 0.21995192307692307 0.21153846153846154 0.16105769230769232
1 0.7524038461538461 0.25961538461538464 0.21634615384615385 0.15384615384615385
1 0.09014423076923077 0.8485576923076923 0.1778846153846154 0.18269230769230768