2 0.6983173076923077 0.3629807692307692 0.25240384615384615 0.31490384615384615
1 0.8100961538461539 0.5865384615384616 0.18269230769230768 0.22596153846153846
1 0.45913461538461536 0.625 0.15144230769230768 0.2692307692307692
1 0.5216346153846154 0.6394230769230769 0.11538461538461539 0.2644230769230769
1 0.5745192307692307 0.6923076923076923 0.11538461538461539 0.2644230769230769
1 0.6165865384615384 0.7319711538461539 0.11538461538461539 0.2644230769230769
1 0.6646634615384616 0.7415865384615384 0.11538461538461539 0.2644230769230769
1 0.21394230769230768 0.5625 0.18269230769230768 0.22596153846153846
1 0.2980769230769231 0.5348557692307693 0.18269230769230768 0.22596153846153846
1 0.17067307692307693 0.7475961538461539 0.18269230769230768 0.22596153846153846
1 0.042067307692307696 0.8125 0.08173076923076923 0.23076923076923078
1 0.04807692307692308 0.2692307692307692 0.09375 0.21634615384615385
1 0.078125 0.15384615384615385 0.15384615384615385 0.21875
1 0.36177884615384615 0.2512019230769231 0.19230769230769232 0.24519230769230768
1 0.44711538461538464 0.08533653846153846 0.1971153846153846 0.1658653846153846
1 0.3641826923076923 0.8894230769230769 0.19230769230769232 0.21634615384615385
1 0.6526442307692307 0.9110576923076923 0.18269230769230768 0.17307692307692307
1 0.8461538461538461 0.13341346153846154 0.15865384615384615 0.24278846153846154
1 0.6298076923076923 0.0829326923076923 0.15865384615384615 0.16105769230769232