1 0.5841346153846154 0.9230769230769231 0.23076923076923078 0.14903846153846154
1 0.3401442307692308 0.9146634615384616 0.2283653846153846 0.1658653846153846
1 0.10817307692307693 0.8822115384615384 0.21153846153846154 0.16346153846153846
1 0.765625 0.5913461538461539 0.22596153846153846 0.20192307692307693
1 0.6694711538461539 0.7836538461538461 0.22596153846153846 0.20192307692307693
1 0.9014423076923077 0.7403846153846154 0.19230769230769232 0.20673076923076922
1 0.8100961538461539 0.3629807692307692 0.22596153846153846 0.20192307692307693
1 0.44471153846153844 0.21754807692307693 0.22596153846153846 0.20192307692307693
1 0.22235576923076922 0.22235576923076922 0.22596153846153846 0.20192307692307693
1 0.09495192307692307 0.07451923076923077 0.18269230769230768 0.14423076923076922
1 0.6706730769230769 0.16466346153846154 0.27403846153846156 0.21153846153846154
0 0.45072115384615385 0.8052884615384616 0.07692307692307693 0.06490384615384616
2 0.23557692307692307 0.5444711538461539 0.46634615384615385 0.36538461538461536