2 0.7560096153846154 0.25 0.18990384615384615 0.25
1 0.3713942307692308 0.6634615384615384 0.1658653846153846 0.25
1 0.5060096153846154 0.7295673076923077 0.16346153846153846 0.19230769230769232
1 0.4723557692307692 0.5480769230769231 0.16346153846153846 0.19230769230769232
1 0.4987980769230769 0.4963942307692308 0.16346153846153846 0.19230769230769232
1 0.9146634615384616 0.609375 0.16826923076923078 0.2620192307692308
1 0.9338942307692307 0.49759615384615385 0.12980769230769232 0.22596153846153846
1 0.8209134615384616 0.4483173076923077 0.13942307692307693 0.22355769230769232
1 0.7716346153846154 0.5096153846153846 0.13942307692307693 0.22355769230769232
1 0.7115384615384616 0.5288461538461539 0.13942307692307693 0.22355769230769232
1 0.6358173076923077 0.5733173076923077 0.13942307692307693 0.22115384615384615
1 0.8870192307692307 0.8341346153846154 0.13942307692307693 0.22115384615384615
1 0.8209134615384616 0.8485576923076923 0.13942307692307693 0.22115384615384615
1 0.6790865384615384 0.8713942307692307 0.13942307692307693 0.22115384615384615
1 0.21394230769230768 0.11177884615384616 0.13942307692307693 0.18990384615384615
1 0.0829326923076923 0.24278846153846154 0.13942307692307693 0.1875
1 0.08774038461538461 0.7596153846153846 0.13942307692307693 0.1875
1 0.09495192307692307 0.6189903846153846 0.16105769230769232 0.21634615384615385
1 0.1310096153846154 0.5444711538461539 0.16105769230769232 0.21634615384615385
1 0.14783653846153846 0.9194711538461539 0.16105769230769232 0.15625
1 0.25 0.90625 0.15865384615384615 0.16105769230769232
1 0.2704326923076923 0.8689903846153846 0.15865384615384615 0.16105769230769232
1 0.9266826923076923 0.19230769230769232 0.14423076923076922 0.22596153846153846
1 0.5925480769230769 0.046875 0.14903846153846154 0.0889423076923077
1 0.36538461538461536 0.25600961538461536 0.18028846153846154 0.22596153846153846
1 0.3125 0.3918269230769231 0.18028846153846154 0.22596153846153846
1 0.23197115384615385 0.42788461538461536 0.1778846153846154 0.22596153846153846
0 0.234375 0.7307692307692307 0.0673076923076923 0.09615384615384616
0 0.5961538461538461 0.8413461538461539 0.052884615384615384 0.08173076923076923
1 0.078125 0.38341346153846156 0.15625 0.21153846153846154