1 0.43149038461538464 0.796875 0.18269230769230768 0.15384615384615385
1 0.6394230769230769 0.8581730769230769 0.19230769230769232 0.1346153846153846
1 0.7439903846153846 0.9495192307692307 0.22115384615384615 0.0985576923076923
1 0.8365384615384616 0.8293269230769231 0.19471153846153846 0.16826923076923078
1 0.7463942307692307 0.13822115384615385 0.1971153846153846 0.14423076923076922
1 0.9122596153846154 0.125 0.17307692307692307 0.18269230769230768
1 0.6995192307692307 0.2848557692307692 0.2548076923076923 0.19471153846153846
1 0.40384615384615385 0.3293269230769231 0.23076923076923078 0.15384615384615385
1 0.0889423076923077 0.0889423076923077 0.1778846153846154 0.12740384615384615
1 0.18629807692307693 0.31850961538461536 0.19230769230769232 0.15865384615384615
1 0.9338942307692307 0.4326923076923077 0.12740384615384615 0.13942307692307693
1 0.19951923076923078 0.22355769230769232 0.2548076923076923 0.15384615384615385
1 0.53125 0.9519230769230769 0.1971153846153846 0.09134615384615384
1 0.5564903846153846 0.42908653846153844 0.18269230769230768 0.15384615384615385
2 0.3173076923076923 0.5288461538461539 0.4831730769230769 0.38461538461538464