1 0.6862980769230769 0.11899038461538461 0.17067307692307693 0.20673076923076922
1 0.8557692307692307 0.1310096153846154 0.16826923076923078 0.20673076923076922
1 0.6971153846153846 0.3942307692307692 0.16826923076923078 0.20673076923076922
1 0.43509615384615385 0.8112980769230769 0.18269230769230768 0.22596153846153846
1 0.31850961538461536 0.6009615384615384 0.19230769230769232 0.2644230769230769
1 0.2956730769230769 0.21394230769230768 0.15384615384615385 0.21634615384615385
1 0.8028846153846154 0.8473557692307693 0.19230769230769232 0.2644230769230769
1 0.7055288461538461 0.9338942307692307 0.1658653846153846 0.12740384615384615
1 0.9098557692307693 0.5420673076923077 0.1778846153846154 0.17548076923076922
1 0.1141826923076923 0.17548076923076922 0.18990384615384615 0.27403846153846156
1 0.4387019230769231 0.08173076923076923 0.15144230769230768 0.15865384615384615
1 0.3317307692307692 0.7728365384615384 0.18990384615384615 0.1971153846153846
1 0.6274038461538461 0.7944711538461539 0.17307692307692307 0.24519230769230768
2 0.45913461538461536 0.390625 0.3293269230769231 0.4519230769230769