1 0.5516826923076923 0.5901442307692307 0.1778846153846154 0.19230769230769232
1 0.6706730769230769 0.4170673076923077 0.18269230769230768 0.23557692307692307
1 0.6742788461538461 0.41225961538461536 0.18269230769230768 0.23557692307692307
1 0.8064903846153846 0.515625 0.17307692307692307 0.21634615384615385
1 0.9146634615384616 0.08413461538461539 0.15625 0.16826923076923078
1 0.17908653846153846 0.14903846153846154 0.16346153846153846 0.1971153846153846
1 0.140625 0.3858173076923077 0.16105769230769232 0.21153846153846154
1 0.8942307692307693 0.7295673076923077 0.1346153846153846 0.18990384615384615
1 0.8653846153846154 0.3076923076923077 0.1346153846153846 0.18990384615384615
1 0.8858173076923077 0.4891826923076923 0.1346153846153846 0.18990384615384615
1 0.41466346153846156 0.6550480769230769 0.10576923076923077 0.22115384615384615
1 0.3485576923076923 0.20793269230769232 0.14423076923076922 0.18269230769230768
1 0.2668269230769231 0.37740384615384615 0.15865384615384615 0.18269230769230768
1 0.3786057692307692 0.9290865384615384 0.16105769230769232 0.13701923076923078
1 0.7043269230769231 0.6225961538461539 0.14182692307692307 0.20673076923076922
2 0.22115384615384615 0.6862980769230769 0.30288461538461536 0.42788461538461536
0 0.48677884615384615 0.8401442307692307 0.06490384615384616 0.08173076923076923