1 0.38341346153846156 0.2548076923076923 0.23557692307692307 0.17307692307692307
1 0.35216346153846156 0.5048076923076923 0.23557692307692307 0.17307692307692307
1 0.11778846153846154 0.5492788461538461 0.23076923076923078 0.17307692307692307
1 0.19951923076923078 0.3605769230769231 0.21875 0.16105769230769232
1 0.09495192307692307 0.21754807692307693 0.18509615384615385 0.16346153846153846
1 0.6069711538461539 0.27403846153846156 0.21875 0.16105769230769232
1 0.7992788461538461 0.3894230769230769 0.21634615384615385 0.18269230769230768
1 0.5745192307692307 0.4483173076923077 0.21634615384615385 0.18269230769230768
1 0.6430288461538461 0.890625 0.25961538461538464 0.18269230769230768
1 0.10817307692307693 0.8954326923076923 0.21153846153846154 0.1875
1 0.24879807692307693 0.75 0.24519230769230768 0.23076923076923078
1 0.7055288461538461 0.11057692307692307 0.25961538461538464 0.18269230769230768
1 0.4735576923076923 0.08533653846153846 0.2644230769230769 0.17067307692307693
2 0.8569711538461539 0.6646634615384616 0.28125 0.38221153846153844