1 0.2644230769230769 0.3762019230769231 0.25 0.20432692307692307
1 0.2800480769230769 0.08653846153846154 0.23798076923076922 0.16826923076923078
1 0.8329326923076923 0.8233173076923077 0.23076923076923078 0.17307692307692307
1 0.7836538461538461 0.7427884615384616 0.23076923076923078 0.17307692307692307
1 0.6670673076923077 0.6538461538461539 0.28846153846153844 0.19230769230769232
1 0.6153846153846154 0.41225961538461536 0.2548076923076923 0.21153846153846154
1 0.9194711538461539 0.23798076923076922 0.15625 0.18269230769230768
1 0.8269230769230769 0.40024038461538464 0.2283653846153846 0.18990384615384615
1 0.9314903846153846 0.609375 0.13221153846153846 0.18509615384615385
1 0.36538461538461536 0.5504807692307693 0.20673076923076922 0.15865384615384615
1 0.2247596153846154 0.5649038461538461 0.20432692307692307 0.16826923076923078
1 0.11298076923076923 0.5649038461538461 0.20432692307692307 0.16826923076923078
1 0.09495192307692307 0.7644230769230769 0.1875 0.17067307692307693
1 0.26802884615384615 0.20552884615384615 0.2548076923076923 0.1778846153846154
2 0.24879807692307693 0.9002403846153846 0.4182692307692308 0.1971153846153846
0 0.36177884615384615 0.7848557692307693 0.08173076923076923 0.0625
0 0.9699519230769231 0.43509615384615385 0.055288461538461536 0.0625