1 0.07572115384615384 0.40024038461538464 0.14903846153846154 0.21634615384615385
1 0.08774038461538461 0.6394230769230769 0.1658653846153846 0.22115384615384615
1 0.12139423076923077 0.8810096153846154 0.16105769230769232 0.23557692307692307
1 0.40625 0.22235576923076922 0.1971153846153846 0.22115384615384615
1 0.21634615384615385 0.3161057692307692 0.1971153846153846 0.22115384615384615
1 0.25721153846153844 0.09254807692307693 0.20192307692307693 0.18028846153846154
1 0.6298076923076923 0.17908653846153846 0.1971153846153846 0.22115384615384615
1 0.7716346153846154 0.5372596153846154 0.1971153846153846 0.22115384615384615
1 0.7668269230769231 0.7548076923076923 0.1971153846153846 0.22115384615384615
1 0.9194711538461539 0.8930288461538461 0.15865384615384615 0.2091346153846154
1 0.8233173076923077 0.31490384615384615 0.2091346153846154 0.2692307692307692
0 0.19471153846153846 0.5300480769230769 0.0625 0.07451923076923077
2 0.45072115384615385 0.7451923076923077 0.3581730769230769 0.46634615384615385