1 0.23197115384615385 0.3918269230769231 0.1778846153846154 0.19471153846153846
1 0.13581730769230768 0.08533653846153846 0.1778846153846154 0.16826923076923078
1 0.49278846153846156 0.8798076923076923 0.1778846153846154 0.1971153846153846
1 0.8485576923076923 0.18389423076923078 0.18269230769230768 0.2668269230769231
1 0.7019230769230769 0.7668269230769231 0.18269230769230768 0.2692307692307692
1 0.7331730769230769 0.07692307692307693 0.1778846153846154 0.15144230769230768
1 0.17668269230769232 0.6418269230769231 0.15865384615384615 0.16826923076923078
1 0.2403846153846154 0.8581730769230769 0.1875 0.25
1 0.8377403846153846 0.6947115384615384 0.14903846153846154 0.25721153846153844
1 0.27283653846153844 0.6478365384615384 0.15384615384615385 0.18509615384615385
1 0.06370192307692307 0.30528846153846156 0.12259615384615384 0.27884615384615385
2 0.4483173076923077 0.2932692307692308 0.3918269230769231 0.49038461538461536