1 0.125 0.8377403846153846 0.17307692307692307 0.2548076923076923
1 0.06129807692307692 0.6862980769230769 0.1201923076923077 0.20673076923076922
1 0.12379807692307693 0.4951923076923077 0.1875 0.24519230769230768
1 0.7439903846153846 0.5348557692307693 0.16346153846153846 0.22596153846153846
1 0.44471153846153844 0.859375 0.13701923076923078 0.23076923076923078
1 0.3762019230769231 0.8617788461538461 0.16346153846153846 0.22596153846153846
1 0.8197115384615384 0.16346153846153846 0.1875 0.2620192307692308
1 0.18870192307692307 0.07572115384615384 0.18990384615384615 0.1466346153846154
1 0.8317307692307693 0.8858173076923077 0.16346153846153846 0.22596153846153846
1 0.7307692307692307 0.8125 0.14903846153846154 0.17548076923076922
1 0.3894230769230769 0.6298076923076923 0.15865384615384615 0.21634615384615385
2 0.5769230769230769 0.3317307692307692 0.31971153846153844 0.4423076923076923
0 0.15384615384615385 0.29086538461538464 0.052884615384615384 0.0889423076923077