1 0.7007211538461539 0.054086538461538464 0.2668269230769231 0.10576923076923077
1 0.3581730769230769 0.16947115384615385 0.27884615384615385 0.18509615384615385
1 0.5817307692307693 0.6009615384615384 0.23076923076923078 0.14903846153846154
1 0.6310096153846154 0.39783653846153844 0.1875 0.19230769230769232
1 0.7944711538461539 0.5408653846153846 0.22596153846153846 0.20432692307692307
1 0.8774038461538461 0.3389423076923077 0.22596153846153846 0.20432692307692307
1 0.109375 0.6262019230769231 0.21875 0.1658653846153846
1 0.27283653846153844 0.7415865384615384 0.19230769230769232 0.21634615384615385
1 0.9098557692307693 0.8064903846153846 0.17548076923076922 0.18990384615384615
1 0.6802884615384616 0.7932692307692307 0.23076923076923078 0.21153846153846154
1 0.9134615384615384 0.0985576923076923 0.16826923076923078 0.1971153846153846
1 0.11538461538461539 0.30528846153846156 0.21634615384615385 0.16105769230769232
1 0.4230769230769231 0.890625 0.21634615384615385 0.16105769230769232
1 0.07932692307692307 0.8341346153846154 0.15865384615384615 0.16346153846153846
2 0.33052884615384615 0.44350961538461536 0.4951923076923077 0.34615384615384615