2 0.49278846153846156 0.4026442307692308 0.17067307692307693 0.24278846153846154
0 0.6658653846153846 0.4567307692307692 0.052884615384615384 0.06009615384615385
0 0.5841346153846154 0.5625 0.052884615384615384 0.06009615384615385
0 0.9795673076923077 0.6021634615384616 0.036057692307692304 0.07932692307692307
1 0.8713942307692307 0.32211538461538464 0.21153846153846154 0.27884615384615385
1 0.9206730769230769 0.08052884615384616 0.15625 0.15865384615384615
1 0.9362980769230769 0.11538461538461539 0.125 0.1971153846153846
1 0.7560096153846154 0.11658653846153846 0.1875 0.19951923076923078
1 0.6117788461538461 0.0829326923076923 0.18990384615384615 0.1658653846153846
1 0.3293269230769231 0.6622596153846154 0.17548076923076922 0.21634615384615385
1 0.2800480769230769 0.890625 0.14903846153846154 0.21394230769230768
1 0.5192307692307693 0.890625 0.14903846153846154 0.21394230769230768
1 0.31009615384615385 0.453125 0.1658653846153846 0.21394230769230768
1 0.18629807692307693 0.16105769230769232 0.1346153846153846 0.19230769230769232
1 0.0673076923076923 0.08653846153846154 0.12980769230769232 0.17307692307692307
1 0.4735576923076923 0.6586538461538461 0.16826923076923078 0.23076923076923078
1 0.5685096153846154 0.7235576923076923 0.16826923076923078 0.23076923076923078
1 0.7151442307692307 0.7608173076923077 0.1778846153846154 0.21875
1 0.47115384615384615 0.171875 0.15625 0.1971153846153846
1 0.3485576923076923 0.22355769230769232 0.15625 0.1971153846153846
1 0.2283653846153846 0.03125 0.17548076923076922 0.0625