1 0.234375 0.609375 0.20192307692307693 0.2692307692307692
1 0.4326923076923077 0.6286057692307693 0.19230769230769232 0.24278846153846154
1 0.3425480769230769 0.11298076923076923 0.16346153846153846 0.22596153846153846
1 0.1466346153846154 0.34134615384615385 0.21153846153846154 0.2644230769230769
1 0.09014423076923077 0.453125 0.16346153846153846 0.2403846153846154
1 0.08173076923076923 0.8713942307692307 0.15865384615384615 0.25240384615384615
1 0.6298076923076923 0.6165865384615384 0.17307692307692307 0.21634615384615385
1 0.8185096153846154 0.5444711538461539 0.1971153846153846 0.2548076923076923
1 0.65625 0.8665865384615384 0.1971153846153846 0.2548076923076923
1 0.26322115384615385 0.8966346153846154 0.19951923076923078 0.20192307692307693
1 0.9507211538461539 0.7403846153846154 0.09615384615384616 0.2548076923076923
1 0.8004807692307693 0.6766826923076923 0.20192307692307693 0.22355769230769232
1 0.5697115384615384 0.8329326923076923 0.20192307692307693 0.20192307692307693
1 0.7487980769230769 0.10216346153846154 0.2091346153846154 0.19951923076923078
2 0.5600961538461539 0.31009615384615385 0.35336538461538464 0.47596153846153844