1 0.3125 0.7728365384615384 0.14903846153846154 0.1875
1 0.27884615384615385 0.9399038461538461 0.15625 0.11538461538461539
1 0.6983173076923077 0.5060096153846154 0.1778846153846154 0.24278846153846154
1 0.8641826923076923 0.6995192307692307 0.14903846153846154 0.19471153846153846
1 0.7728365384615384 0.08173076923076923 0.14182692307692307 0.15865384615384615
1 0.875 0.22716346153846154 0.18269230769230768 0.21875
1 0.21153846153846154 0.3545673076923077 0.15625 0.19471153846153846
1 0.5216346153846154 0.4014423076923077 0.1658653846153846 0.20673076923076922
1 0.9170673076923077 0.056490384615384616 0.16105769230769232 0.10817307692307693
1 0.9567307692307693 0.39783653846153844 0.08173076923076923 0.22115384615384615
1 0.9795673076923077 0.7620192307692307 0.036057692307692304 0.1875
1 0.9290865384615384 0.9302884615384616 0.13942307692307693 0.1346153846153846
1 0.5384615384615384 0.14182692307692307 0.21153846153846154 0.21153846153846154
2 0.4855769230769231 0.8641826923076923 0.22596153846153846 0.2692307692307692
0 0.48677884615384615 0.6983173076923077 0.06971153846153846 0.09615384615384616