2 0.5576923076923077 0.3858173076923077 0.31009615384615385 0.4110576923076923
1 0.9002403846153846 0.7295673076923077 0.1875 0.22115384615384615
1 0.8293269230769231 0.8870192307692307 0.1778846153846154 0.22115384615384615
1 0.7415865384615384 0.8004807692307693 0.1778846153846154 0.22596153846153846
1 0.6790865384615384 0.6646634615384616 0.14423076923076922 0.23076923076923078
1 0.6442307692307693 0.7199519230769231 0.14423076923076922 0.23076923076923078
1 0.6081730769230769 0.75 0.14423076923076922 0.23076923076923078
1 0.5540865384615384 0.7716346153846154 0.14423076923076922 0.23076923076923078
1 0.14543269230769232 0.7319711538461539 0.16826923076923078 0.21634615384615385
1 0.08413461538461539 0.8846153846153846 0.1658653846153846 0.21875
1 0.1201923076923077 0.11057692307692307 0.17307692307692307 0.21634615384615385
1 0.09975961538461539 0.19471153846153846 0.1971153846153846 0.23076923076923078
1 0.8930288461538461 0.3641826923076923 0.1971153846153846 0.23076923076923078
1 0.8100961538461539 0.234375 0.1971153846153846 0.23076923076923078
1 0.8918269230769231 0.1622596153846154 0.1971153846153846 0.23076923076923078
1 0.49158653846153844 0.06971153846153846 0.1971153846153846 0.13942307692307693
1 0.5456730769230769 0.9459134615384616 0.13942307692307693 0.10576923076923077
1 0.47716346153846156 0.953125 0.1346153846153846 0.0889423076923077