1 0.3161057692307692 0.6766826923076923 0.20192307692307693 0.17548076923076922
1 0.7463942307692307 0.8040865384615384 0.23076923076923078 0.2091346153846154
1 0.8269230769230769 0.5576923076923077 0.25721153846153844 0.15865384615384615
1 0.4170673076923077 0.09134615384615384 0.24519230769230768 0.16826923076923078
1 0.4675480769230769 0.18509615384615385 0.27163461538461536 0.18269230769230768
1 0.7391826923076923 0.34615384615384615 0.25 0.17067307692307693
1 0.19110576923076922 0.30288461538461536 0.23798076923076922 0.19471153846153846
1 0.2283653846153846 0.4483173076923077 0.19230769230769232 0.19230769230769232
1 0.11538461538461539 0.13822115384615385 0.22596153846153846 0.21634615384615385
1 0.09975961538461539 0.6706730769230769 0.1971153846153846 0.18990384615384615
1 0.8966346153846154 0.9098557692307693 0.18269230769230768 0.1778846153846154
1 0.8197115384615384 0.11778846153846154 0.25 0.19230769230769232
1 0.35216346153846156 0.875 0.21153846153846154 0.15384615384615385
1 0.5637019230769231 0.9423076923076923 0.2403846153846154 0.11298076923076923
1 0.5384615384615384 0.7860576923076923 0.24278846153846154 0.25
2 0.5132211538461539 0.49038461538461536 0.44471153846153844 0.41346153846153844
0 0.11658653846153846 0.5288461538461539 0.09615384615384616 0.0625
0 0.7860576923076923 0.23557692307692307 0.10336538461538461 0.0889423076923077