1 0.17427884615384615 0.6490384615384616 0.24519230769230768 0.16826923076923078
1 0.42908653846153844 0.8209134615384616 0.24519230769230768 0.16826923076923078
1 0.6935096153846154 0.7944711538461539 0.23798076923076922 0.20192307692307693
1 0.8737980769230769 0.9182692307692307 0.21634615384615385 0.16105769230769232
1 0.8882211538461539 0.7139423076923077 0.21634615384615385 0.1778846153846154
1 0.2956730769230769 0.9387019230769231 0.23798076923076922 0.1201923076923077
1 0.08173076923076923 0.8088942307692307 0.15865384615384615 0.15625
1 0.8389423076923077 0.47596153846153844 0.24278846153846154 0.125
1 0.8377403846153846 0.4014423076923077 0.20192307692307693 0.1971153846153846
1 0.84375 0.20192307692307693 0.24278846153846154 0.17307692307692307
1 0.36778846153846156 0.6490384615384616 0.18028846153846154 0.14903846153846154
1 0.125 0.34134615384615385 0.20432692307692307 0.16346153846153846
1 0.5072115384615384 0.10697115384615384 0.20432692307692307 0.16346153846153846
1 0.11538461538461539 0.21394230769230768 0.22596153846153846 0.16826923076923078
1 0.2956730769230769 0.09375 0.2548076923076923 0.1875
2 0.5300480769230769 0.35096153846153844 0.5264423076923077 0.40384615384615385