1 0.1622596153846154 0.0829326923076923 0.22355769230769232 0.1658653846153846
1 0.3894230769230769 0.12379807692307693 0.3125 0.22355769230769232
1 0.5733173076923077 0.12379807692307693 0.20673076923076922 0.19230769230769232
1 0.5444711538461539 0.2512019230769231 0.2932692307692308 0.11538461538461539
1 0.9435096153846154 0.07091346153846154 0.11057692307692307 0.13942307692307693
1 0.8401442307692307 0.4855769230769231 0.25 0.17307692307692307
1 0.9194711538461539 0.6790865384615384 0.15625 0.15144230769230768
1 0.7367788461538461 0.33774038461538464 0.19471153846153846 0.18269230769230768
1 0.45913461538461536 0.38822115384615385 0.1971153846153846 0.19951923076923078
1 0.22596153846153846 0.328125 0.2548076923076923 0.19230769230769232
1 0.22235576923076922 0.44711538461538464 0.2548076923076923 0.19230769230769232
1 0.25 0.6574519230769231 0.28365384615384615 0.19230769230769232
1 0.8245192307692307 0.18509615384615385 0.2956730769230769 0.12980769230769232
1 0.765625 0.07211538461538461 0.2091346153846154 0.14423076923076922
1 0.9038461538461539 0.26802884615384615 0.1875 0.17067307692307693
1 0.5384615384615384 0.9375 0.3076923076923077 0.12259615384615384
1 0.06370192307692307 0.8317307692307693 0.125 0.20192307692307693
0 0.23798076923076922 0.7680288461538461 0.10336538461538461 0.0673076923076923
2 0.5552884615384616 0.6706730769230769 0.4519230769230769 0.38461538461538464