2 0.46875 0.5528846153846154 0.4567307692307692 0.34134615384615385
1 0.7596153846153846 0.3076923076923077 0.22596153846153846 0.17307692307692307
1 0.8737980769230769 0.23677884615384615 0.22596153846153846 0.17307692307692307
1 0.7908653846153846 0.07091346153846154 0.23076923076923078 0.13701923076923078
1 0.5540865384615384 0.22956730769230768 0.22115384615384615 0.21153846153846154
1 0.33413461538461536 0.2704326923076923 0.22115384615384615 0.21153846153846154
1 0.32572115384615385 0.8389423076923077 0.22115384615384615 0.21153846153846154
1 0.2956730769230769 0.9158653846153846 0.20192307692307693 0.1658653846153846
1 0.5480769230769231 0.9182692307692307 0.24519230769230768 0.15865384615384615
1 0.7752403846153846 0.8233173076923077 0.2403846153846154 0.1778846153846154
1 0.7800480769230769 0.625 0.2403846153846154 0.1971153846153846
1 0.796875 0.5024038461538461 0.2403846153846154 0.1971153846153846
1 0.9110576923076923 0.515625 0.17307692307692307 0.1971153846153846
1 0.32572115384615385 0.10576923076923077 0.21394230769230768 0.1778846153846154
1 0.08774038461538461 0.9254807692307693 0.17548076923076922 0.1466346153846154
0 0.057692307692307696 0.7139423076923077 0.08173076923076923 0.07211538461538461
0 0.13221153846153846 0.8100961538461539 0.08173076923076923 0.07211538461538461
0 0.47115384615384615 0.11057692307692307 0.08173076923076923 0.07211538461538461