2 0.44350961538461536 0.3076923076923077 0.40384615384615385 0.2932692307692308
0 0.30408653846153844 0.17908653846153846 0.06971153846153846 0.0673076923076923
0 0.5985576923076923 0.6790865384615384 0.06971153846153846 0.0673076923076923
1 0.6105769230769231 0.10216346153846154 0.20673076923076922 0.19230769230769232
1 0.5324519230769231 0.08653846153846154 0.21394230769230768 0.16826923076923078
1 0.6586538461538461 0.5552884615384616 0.20673076923076922 0.17307692307692307
1 0.796875 0.6418269230769231 0.20673076923076922 0.17307692307692307
1 0.8978365384615384 0.5444711538461539 0.20192307692307693 0.19951923076923078
1 0.8329326923076923 0.8425480769230769 0.23557692307692307 0.23557692307692307
1 0.625 0.8677884615384616 0.27163461538461536 0.18269230769230768
1 0.13701923076923078 0.9603365384615384 0.2692307692307692 0.07692307692307693
1 0.1201923076923077 0.7788461538461539 0.23557692307692307 0.22596153846153846
1 0.10336538461538461 0.5384615384615384 0.20192307692307693 0.19951923076923078
1 0.4074519230769231 0.7067307692307693 0.22596153846153846 0.1778846153846154
1 0.8725961538461539 0.07451923076923077 0.25 0.14903846153846154