2 0.31971153846153844 0.2692307692307692 0.2980769230769231 0.39903846153846156
1 0.42908653846153844 0.6550480769230769 0.18509615384615385 0.22596153846153846
1 0.36177884615384615 0.6021634615384616 0.18509615384615385 0.22596153846153846
1 0.7403846153846154 0.5120192307692307 0.15384615384615385 0.2283653846153846
1 0.890625 0.6550480769230769 0.18509615384615385 0.2283653846153846
1 0.9459134615384616 0.18269230769230768 0.10336538461538461 0.25
1 0.5036057692307693 0.09495192307692307 0.15865384615384615 0.18509615384615385
1 0.07211538461538461 0.31009615384615385 0.13942307692307693 0.21153846153846154
1 0.08052884615384616 0.5829326923076923 0.16105769230769232 0.23076923076923078
1 0.17668269230769232 0.6959134615384616 0.16346153846153846 0.23076923076923078
1 0.5973557692307693 0.8305288461538461 0.21153846153846154 0.25
1 0.7307692307692307 0.7512019230769231 0.15865384615384615 0.23798076923076922
1 0.9447115384615384 0.3485576923076923 0.10576923076923077 0.2403846153846154
1 0.6911057692307693 0.5192307692307693 0.10096153846153846 0.22596153846153846
1 0.7704326923076923 0.9110576923076923 0.1658653846153846 0.17307692307692307
1 0.8677884615384616 0.9110576923076923 0.16346153846153846 0.17307692307692307
0 0.2920673076923077 0.7632211538461539 0.06009615384615385 0.07692307692307693
1 0.8449519230769231 0.3076923076923077 0.15384615384615385 0.2283653846153846
1 0.25721153846153844 0.9050480769230769 0.17307692307692307 0.18509615384615385
1 0.22235576923076922 0.0733173076923077 0.22596153846153846 0.14423076923076922