1 0.8870192307692307 0.24278846153846154 0.18269230769230768 0.20192307692307693
1 0.8882211538461539 0.4483173076923077 0.17307692307692307 0.19230769230769232
1 0.7692307692307693 0.6394230769230769 0.17307692307692307 0.21634615384615385
1 0.8786057692307693 0.7884615384615384 0.18028846153846154 0.20192307692307693
1 0.6778846153846154 0.8245192307692307 0.1778846153846154 0.1778846153846154
1 0.53125 0.8269230769230769 0.18269230769230768 0.1971153846153846
1 0.34975961538461536 0.8485576923076923 0.16826923076923078 0.23076923076923078
1 0.22716346153846154 0.8305288461538461 0.15865384615384615 0.17548076923076922
1 0.21153846153846154 0.6310096153846154 0.15865384615384615 0.2283653846153846
1 0.12740384615384615 0.5288461538461539 0.19471153846153846 0.16346153846153846
1 0.15985576923076922 0.35096153846153844 0.1971153846153846 0.17067307692307693
1 0.40865384615384615 0.19831730769230768 0.17548076923076922 0.20192307692307693
1 0.15144230769230768 0.12379807692307693 0.18269230769230768 0.24278846153846154
1 0.6370192307692307 0.3137019230769231 0.19230769230769232 0.27884615384615385
2 0.4483173076923077 0.4951923076923077 0.3557692307692308 0.46153846153846156