2 0.41947115384615385 0.515625 0.30288461538461536 0.2283653846153846
1 0.6213942307692307 0.6742788461538461 0.19951923076923078 0.15865384615384615
1 0.20072115384615385 0.7872596153846154 0.21634615384615385 0.18990384615384615
1 0.6165865384615384 0.9435096153846154 0.2283653846153846 0.10817307692307693
1 0.7235576923076923 0.8581730769230769 0.21153846153846154 0.18990384615384615
1 0.8810096153846154 0.8269230769230769 0.21153846153846154 0.18990384615384615
1 0.9086538461538461 0.41346153846153844 0.1778846153846154 0.11538461538461539
1 0.7524038461538461 0.4326923076923077 0.20192307692307693 0.19951923076923078
1 0.7355769230769231 0.546875 0.24519230769230768 0.20432692307692307
1 0.10697115384615384 0.5673076923076923 0.20673076923076922 0.19230769230769232
1 0.27884615384615385 0.36538461538461536 0.19230769230769232 0.14423076923076922
1 0.46634615384615385 0.30649038461538464 0.19230769230769232 0.14423076923076922
1 0.078125 0.2127403846153846 0.15384615384615385 0.15625
1 0.8990384615384616 0.21875 0.1971153846153846 0.20192307692307693
0 0.1502403846153846 0.3942307692307692 0.08173076923076923 0.0673076923076923
0 0.2548076923076923 0.5997596153846154 0.08173076923076923 0.0673076923076923
1 0.2860576923076923 0.07091346153846154 0.23557692307692307 0.13942307692307693
1 0.6274038461538461 0.042067307692307696 0.22596153846153846 0.07932692307692307
1 0.7572115384615384 0.09375 0.22596153846153846 0.14903846153846154