2 0.3894230769230769 0.8377403846153846 0.30288461538461536 0.31971153846153844
1 0.6478365384615384 0.71875 0.23317307692307693 0.21634615384615385
1 0.6021634615384616 0.9507211538461539 0.18509615384615385 0.09375
1 0.055288461538461536 0.7620192307692307 0.10817307692307693 0.24519230769230768
1 0.7427884615384616 0.8810096153846154 0.16826923076923078 0.22115384615384615
1 0.8449519230769231 0.53125 0.14903846153846154 0.1971153846153846
1 0.46153846153846156 0.5913461538461539 0.14903846153846154 0.1971153846153846
1 0.3629807692307692 0.5889423076923077 0.14903846153846154 0.1971153846153846
1 0.2848557692307692 0.6129807692307693 0.14903846153846154 0.1971153846153846
1 0.2512019230769231 0.6598557692307693 0.14903846153846154 0.1971153846153846
1 0.16346153846153846 0.7091346153846154 0.15144230769230768 0.1971153846153846
1 0.07211538461538461 0.33653846153846156 0.13942307692307693 0.1971153846153846
1 0.04567307692307692 0.5276442307692307 0.0889423076923077 0.23798076923076922
1 0.49158653846153844 0.054086538461538464 0.14903846153846154 0.10576923076923077
1 0.4362980769230769 0.4206730769230769 0.1875 0.1875
1 0.6538461538461539 0.19591346153846154 0.14903846153846154 0.17307692307692307
1 0.9447115384615384 0.43509615384615385 0.10576923076923077 0.28846153846153844
1 0.8353365384615384 0.19230769230769232 0.19230769230769232 0.27403846153846156
1 0.9098557692307693 0.8125 0.17548076923076922 0.27884615384615385
1 0.9242788461538461 0.9266826923076923 0.1466346153846154 0.14182692307692307
1 0.5637019230769231 0.53125 0.14903846153846154 0.1971153846153846
1 0.5661057692307693 0.375 0.14903846153846154 0.1971153846153846