2 0.2848557692307692 0.24639423076923078 0.2980769230769231 0.37259615384615385
1 0.5168269230769231 0.36177884615384615 0.1778846153846154 0.25961538461538464
1 0.6959134615384616 0.29447115384615385 0.1778846153846154 0.25961538461538464
1 0.5637019230769231 0.6430288461538461 0.1778846153846154 0.25961538461538464
1 0.3641826923076923 0.6899038461538461 0.17067307692307693 0.24519230769230768
1 0.5612980769230769 0.8858173076923077 0.20673076923076922 0.22115384615384615
1 0.9026442307692307 0.43149038461538464 0.19230769230769232 0.2548076923076923
1 0.16947115384615385 0.9399038461538461 0.18269230769230768 0.11538461538461539
1 0.12259615384615384 0.07692307692307693 0.17067307692307693 0.15384615384615385
1 0.09615384615384616 0.4182692307692308 0.14423076923076922 0.20673076923076922
1 0.8617788461538461 0.07451923076923077 0.16346153846153846 0.14903846153846154
1 0.9519230769230769 0.6466346153846154 0.09134615384615384 0.1778846153846154
1 0.9134615384615384 0.8617788461538461 0.17067307692307693 0.21634615384615385
1 0.078125 0.5865384615384616 0.15384615384615385 0.24519230769230768
0 0.22355769230769232 0.6706730769230769 0.0625 0.10336538461538461
1 0.6358173076923077 0.1141826923076923 0.20432692307692307 0.22596153846153846
1 0.3942307692307692 0.6057692307692307 0.15625 0.1778846153846154
1 0.3425480769230769 0.5492788461538461 0.15625 0.1778846153846154