1 0.3269230769230769 0.38100961538461536 0.1875 0.23557692307692307
1 0.2704326923076923 0.609375 0.15865384615384615 0.1971153846153846
1 0.1045673076923077 0.9146634615384616 0.20432692307692307 0.1658653846153846
1 0.8088942307692307 0.8605769230769231 0.15865384615384615 0.20192307692307693
1 0.8125 0.25600961538461536 0.16346153846153846 0.20673076923076922
1 0.5372596153846154 0.19230769230769232 0.1778846153846154 0.21634615384615385
1 0.11177884615384616 0.4807692307692308 0.21875 0.23557692307692307
1 0.0673076923076923 0.7007211538461539 0.1346153846153846 0.1971153846153846
1 0.7704326923076923 0.46153846153846156 0.16346153846153846 0.20673076923076922
1 0.6634615384615384 0.8677884615384616 0.1778846153846154 0.2091346153846154
2 0.47716346153846156 0.6754807692307693 0.35096153846153844 0.4639423076923077