1 0.4891826923076923 0.78125 0.1778846153846154 0.23557692307692307
1 0.2512019230769231 0.8353365384615384 0.22115384615384615 0.23557692307692307
1 0.49158653846153844 0.21033653846153846 0.18269230769230768 0.1971153846153846
1 0.9375 0.0889423076923077 0.1201923076923077 0.1778846153846154
1 0.7644230769230769 0.11899038461538461 0.17307692307692307 0.23557692307692307
1 0.9338942307692307 0.3798076923076923 0.12980769230769232 0.28846153846153844
1 0.7680288461538461 0.7043269230769231 0.13942307692307693 0.2860576923076923
1 0.6814903846153846 0.39903846153846156 0.13942307692307693 0.2860576923076923
1 0.09134615384615384 0.28125 0.18269230769230768 0.27403846153846156
1 0.9146634615384616 0.7007211538461539 0.16826923076923078 0.2403846153846154
2 0.2668269230769231 0.15625 0.21634615384615385 0.27884615384615385
0 0.5288461538461539 0.33052884615384615 0.07211538461538461 0.08653846153846154
0 0.5889423076923077 0.4891826923076923 0.07211538461538461 0.08653846153846154
1 0.18990384615384615 0.578125 0.1778846153846154 0.23557692307692307