1 0.22956730769230768 0.08413461538461539 0.21394230769230768 0.16826923076923078
1 0.5697115384615384 0.390625 0.14182692307692307 0.23076923076923078
1 0.515625 0.6237980769230769 0.1466346153846154 0.19951923076923078
1 0.6983173076923077 0.10336538461538461 0.1466346153846154 0.1971153846153846
1 0.7247596153846154 0.8581730769230769 0.15384615384615385 0.1971153846153846
1 0.9435096153846154 0.43990384615384615 0.11057692307692307 0.20192307692307693
1 0.8978365384615384 0.15144230769230768 0.12980769230769232 0.19951923076923078
1 0.8509615384615384 0.9206730769230769 0.1466346153846154 0.15384615384615385
1 0.1346153846153846 0.75 0.14182692307692307 0.24278846153846154
1 0.21995192307692307 0.31850961538461536 0.15384615384615385 0.22115384615384615
1 0.3605769230769231 0.27163461538461536 0.1466346153846154 0.18269230769230768
1 0.23918269230769232 0.5264423076923077 0.18269230769230768 0.22115384615384615
1 0.359375 0.6682692307692307 0.13701923076923078 0.19951923076923078
1 0.4014423076923077 0.78125 0.1466346153846154 0.19230769230769232
1 0.28725961538461536 0.8449519230769231 0.17307692307692307 0.21634615384615385
2 0.7319711538461539 0.5480769230769231 0.28125 0.3293269230769231
0 0.421875 0.9110576923076923 0.0625 0.08653846153846154