1 0.5841346153846154 0.8052884615384616 0.19471153846153846 0.1778846153846154
1 0.9026442307692307 0.9014423076923077 0.18990384615384615 0.1778846153846154
1 0.0985576923076923 0.5420673076923077 0.19230769230769232 0.18028846153846154
1 0.7932692307692307 0.18389423076923078 0.2692307692307692 0.18269230769230768
1 0.20793269230769232 0.3317307692307692 0.2692307692307692 0.18269230769230768
1 0.9110576923076923 0.3004807692307692 0.17307692307692307 0.1778846153846154
1 0.3329326923076923 0.8605769230769231 0.17067307692307693 0.15865384615384615
1 0.12259615384615384 0.7956730769230769 0.2403846153846154 0.19230769230769232
1 0.2800480769230769 0.19471153846153846 0.25961538461538464 0.14903846153846154
1 0.3269230769230769 0.7644230769230769 0.1875 0.15625
1 0.6730769230769231 0.9543269230769231 0.27884615384615385 0.08653846153846154
2 0.6838942307692307 0.5877403846153846 0.49038461538461536 0.3942307692307692