1 0.6730769230769231 0.7944711538461539 0.21634615384615385 0.16826923076923078
1 0.37259615384615385 0.8497596153846154 0.21634615384615385 0.16826923076923078
1 0.546875 0.9242788461538461 0.22115384615384615 0.14903846153846154
1 0.21394230769230768 0.9435096153846154 0.22115384615384615 0.11057692307692307
1 0.12620192307692307 0.5745192307692307 0.22115384615384615 0.18269230769230768
1 0.7908653846153846 0.5576923076923077 0.23317307692307693 0.1875
1 0.8305288461538461 0.3918269230769231 0.24519230769230768 0.15384615384615385
1 0.8882211538461539 0.6923076923076923 0.22115384615384615 0.15384615384615385
1 0.5709134615384616 0.05889423076923077 0.22596153846153846 0.11778846153846154
1 0.1045673076923077 0.051682692307692304 0.20673076923076922 0.10096153846153846
1 0.921875 0.06971153846153846 0.15384615384615385 0.13942307692307693
1 0.9014423076923077 0.23798076923076922 0.19230769230769232 0.1875
1 0.2403846153846154 0.14423076923076922 0.1971153846153846 0.18028846153846154
2 0.4483173076923077 0.45552884615384615 0.43509615384615385 0.3317307692307692
0 0.11177884615384616 0.46875 0.07932692307692307 0.04567307692307692