1 0.671875 0.6862980769230769 0.1971153846153846 0.1778846153846154
1 0.4495192307692308 0.7764423076923077 0.25 0.1875
1 0.3125 0.6286057692307693 0.2283653846153846 0.17067307692307693
1 0.4098557692307692 0.5216346153846154 0.1971153846153846 0.16346153846153846
1 0.09735576923076923 0.6189903846153846 0.19230769230769232 0.1658653846153846
1 0.8966346153846154 0.6442307692307693 0.20192307692307693 0.17548076923076922
1 0.9266826923076923 0.42908653846153844 0.14423076923076922 0.17548076923076922
1 0.11177884615384616 0.7920673076923077 0.22355769230769232 0.18028846153846154
1 0.8149038461538461 0.9290865384615384 0.23076923076923078 0.13942307692307693
1 0.24278846153846154 0.34134615384615385 0.2283653846153846 0.1466346153846154
1 0.26322115384615385 0.15264423076923078 0.2283653846153846 0.1466346153846154
1 0.375 0.0829326923076923 0.2283653846153846 0.1466346153846154
2 0.6598557692307693 0.21754807692307693 0.3894230769230769 0.3605769230769231