2 0.7716346153846154 0.3449519230769231 0.22115384615384615 0.2548076923076923
2 0.11057692307692307 0.8149038461538461 0.21634615384615385 0.36538461538461536
0 0.6971153846153846 0.19471153846153846 0.052884615384615384 0.08173076923076923
0 0.8786057692307693 0.9591346153846154 0.055288461538461536 0.07692307692307693
1 0.875 0.7896634615384616 0.19951923076923078 0.20673076923076922
1 0.7331730769230769 0.8209134615384616 0.19951923076923078 0.20673076923076922
1 0.7668269230769231 0.5649038461538461 0.19951923076923078 0.20673076923076922
1 0.8533653846153846 0.5336538461538461 0.19951923076923078 0.20673076923076922
1 0.3245192307692308 0.6971153846153846 0.19951923076923078 0.20673076923076922
1 0.3581730769230769 0.4639423076923077 0.19951923076923078 0.20673076923076922
1 0.4362980769230769 0.1935096153846154 0.19951923076923078 0.20673076923076922
1 0.27163461538461536 0.27884615384615385 0.14903846153846154 0.21875
1 0.9206730769230769 0.10697115384615384 0.14903846153846154 0.21394230769230768
1 0.9387019230769231 0.30649038461538464 0.11778846153846154 0.21875
1 0.057692307692307696 0.22115384615384615 0.11298076923076923 0.25
1 0.11298076923076923 0.38341346153846156 0.18269230769230768 0.25