1 0.0889423076923077 0.19471153846153846 0.17307692307692307 0.19230769230769232
1 0.29927884615384615 0.2692307692307692 0.21153846153846154 0.1778846153846154
1 0.9326923076923077 0.19831730769230768 0.12980769230769232 0.2403846153846154
1 0.7944711538461539 0.5072115384615384 0.27163461538461536 0.1778846153846154
1 0.34615384615384615 0.46875 0.21153846153846154 0.1875
1 0.5288461538461539 0.07451923076923077 0.27403846153846156 0.14423076923076922
1 0.6466346153846154 0.13822115384615385 0.22115384615384615 0.20673076923076922
1 0.4375 0.7512019230769231 0.1778846153846154 0.14182692307692307
1 0.5132211538461539 0.9266826923076923 0.18990384615384615 0.14182692307692307
1 0.8245192307692307 0.8786057692307693 0.2548076923076923 0.20192307692307693
2 0.18389423076923078 0.7055288461538461 0.23798076923076922 0.1971153846153846
1 0.3125 0.054086538461538464 0.20192307692307693 0.10576923076923077
1 0.9242788461538461 0.49158653846153844 0.1466346153846154 0.16346153846153846
1 0.8064903846153846 0.6694711538461539 0.20673076923076922 0.15384615384615385