1 0.5144230769230769 0.3161057692307692 0.1875 0.23798076923076922
1 0.15264423076923078 0.28966346153846156 0.1875 0.23798076923076922
1 0.7415865384615384 0.1778846153846154 0.17307692307692307 0.28365384615384615
1 0.9278846153846154 0.25 0.13942307692307693 0.28846153846153844
1 0.8413461538461539 0.5132211538461539 0.17307692307692307 0.28365384615384615
1 0.828125 0.8329326923076923 0.17307692307692307 0.28365384615384615
1 0.7524038461538461 0.8605769230769231 0.17548076923076922 0.27403846153846156
1 0.40625 0.4483173076923077 0.16346153846153846 0.23798076923076922
1 0.6802884615384616 0.46274038461538464 0.16346153846153846 0.23798076923076922
1 0.06610576923076923 0.20432692307692307 0.13221153846153846 0.2403846153846154
1 0.6069711538461539 0.06971153846153846 0.20432692307692307 0.13942307692307693
1 0.3425480769230769 0.05048076923076923 0.21634615384615385 0.10096153846153846
1 0.32572115384615385 0.4254807692307692 0.14423076923076922 0.23317307692307693
1 0.2692307692307692 0.4831730769230769 0.14423076923076922 0.23317307692307693
1 0.2091346153846154 0.5276442307692307 0.14423076923076922 0.23317307692307693
1 0.08533653846153846 0.5721153846153846 0.14423076923076922 0.23317307692307693
0 0.27884615384615385 0.125 0.0625 0.07692307692307693
0 0.019230769230769232 0.8737980769230769 0.038461538461538464 0.08173076923076923
0 0.20192307692307693 0.6586538461538461 0.0625 0.07692307692307693
2 0.5252403846153846 0.7896634615384616 0.35336538461538464 0.41586538461538464
1 0.28725961538461536 0.7427884615384616 0.14182692307692307 0.27884615384615385
1 0.16346153846153846 0.08052884615384616 0.1875 0.15865384615384615