2 0.5877403846153846 0.3701923076923077 0.3581730769230769 0.2980769230769231
1 0.1814903846153846 0.27283653846153844 0.25961538461538464 0.20192307692307693
1 0.6394230769230769 0.5877403846153846 0.2692307692307692 0.15625
1 0.171875 0.796875 0.25 0.15384615384615385
1 0.11057692307692307 0.7596153846153846 0.21634615384615385 0.15625
1 0.15985576923076922 0.4495192307692308 0.25721153846153844 0.19230769230769232
1 0.7415865384615384 0.8004807692307693 0.17067307692307693 0.16826923076923078
1 0.25721153846153844 0.9591346153846154 0.2548076923076923 0.07932692307692307
1 0.7572115384615384 0.9194711538461539 0.23557692307692307 0.15625
1 0.4110576923076923 0.6237980769230769 0.2620192307692308 0.19471153846153846
1 0.39302884615384615 0.8161057692307693 0.2620192307692308 0.19471153846153846
1 0.5504807692307693 0.15865384615384615 0.2692307692307692 0.15625
0 0.25961538461538464 0.15865384615384615 0.08413461538461539 0.052884615384615384