1 0.17908653846153846 0.7439903846153846 0.1778846153846154 0.1778846153846154
1 0.23557692307692307 0.9170673076923077 0.18269230769230768 0.16105769230769232
1 0.09975961538461539 0.5276442307692307 0.1971153846153846 0.12980769230769232
1 0.7043269230769231 0.9026442307692307 0.23076923076923078 0.18990384615384615
1 0.5396634615384616 0.7860576923076923 0.22596153846153846 0.19471153846153846
1 0.5264423076923077 0.11658653846153846 0.22596153846153846 0.19471153846153846
1 0.5552884615384616 0.22716346153846154 0.22596153846153846 0.19471153846153846
1 0.4855769230769231 0.47836538461538464 0.17307692307692307 0.15625
1 0.9026442307692307 0.8689903846153846 0.19230769230769232 0.1971153846153846
1 0.7524038461538461 0.09735576923076923 0.22355769230769232 0.13221153846153846
1 0.16105769230769232 0.078125 0.2668269230769231 0.15384615384615385
1 0.0673076923076923 0.3125 0.12980769230769232 0.16346153846153846
0 0.8076923076923077 0.6382211538461539 0.09134615384615384 0.0625
0 0.8798076923076923 0.14783653846153846 0.10576923076923077 0.06971153846153846
2 0.8161057692307693 0.4483173076923077 0.3629807692307692 0.3389423076923077