1 0.3629807692307692 0.8052884615384616 0.20192307692307693 0.16105769230769232
1 0.2608173076923077 0.6442307692307693 0.20192307692307693 0.13942307692307693
1 0.2548076923076923 0.5132211538461539 0.2283653846153846 0.15625
1 0.265625 0.22355769230769232 0.21634615384615385 0.17307692307692307
1 0.28725961538461536 0.08653846153846154 0.25240384615384615 0.16826923076923078
1 0.0889423076923077 0.859375 0.17307692307692307 0.16346153846153846
1 0.6298076923076923 0.7584134615384616 0.25961538461538464 0.1778846153846154
1 0.6622596153846154 0.9194711538461539 0.19951923076923078 0.15625
1 0.4639423076923077 0.3894230769230769 0.22115384615384615 0.1658653846153846
1 0.5637019230769231 0.23557692307692307 0.1875 0.16346153846153846
1 0.828125 0.07451923076923077 0.18990384615384615 0.1466346153846154
1 0.8701923076923077 0.859375 0.21634615384615385 0.18028846153846154
0 0.04447115384615385 0.36538461538461536 0.08413461538461539 0.07211538461538461
2 0.8197115384615384 0.5012019230769231 0.3557692307692308 0.3389423076923077
0 0.9627403846153846 0.8942307692307693 0.06971153846153846 0.0673076923076923