1 0.22115384615384615 0.11538461538461539 0.30528846153846156 0.16826923076923078
1 0.0829326923076923 0.6526442307692307 0.16105769230769232 0.19951923076923078
1 0.11057692307692307 0.4074519230769231 0.21634615384615385 0.2091346153846154
1 0.3798076923076923 0.8461538461538461 0.23557692307692307 0.20192307692307693
1 0.7415865384615384 0.3173076923076923 0.23557692307692307 0.20192307692307693
1 0.9230769230769231 0.18028846153846154 0.14903846153846154 0.20192307692307693
1 0.8822115384615384 0.5408653846153846 0.23076923076923078 0.1875
1 0.6887019230769231 0.09375 0.1971153846153846 0.1778846153846154
1 0.2692307692307692 0.2920673076923077 0.24519230769230768 0.18269230769230768
1 0.49399038461538464 0.21995192307692307 0.28365384615384615 0.2403846153846154
1 0.9338942307692307 0.8028846153846154 0.125 0.1875
1 0.5492788461538461 0.9314903846153846 0.2403846153846154 0.1346153846153846
2 0.53125 0.5300480769230769 0.47115384615384615 0.3605769230769231
0 0.04927884615384615 0.07091346153846154 0.08653846153846154 0.06490384615384616