1 0.6875 0.41466346153846156 0.19951923076923078 0.22596153846153846
1 0.9026442307692307 0.4879807692307692 0.18990384615384615 0.27403846153846156
1 0.7548076923076923 0.1778846153846154 0.17067307692307693 0.23076923076923078
1 0.8966346153846154 0.25841346153846156 0.17067307692307693 0.23076923076923078
1 0.06370192307692307 0.5949519230769231 0.125 0.22115384615384615
1 0.234375 0.7235576923076923 0.16105769230769232 0.21153846153846154
1 0.5384615384615384 0.9026442307692307 0.1971153846153846 0.18990384615384615
1 0.8413461538461539 0.8305288461538461 0.20673076923076922 0.2644230769230769
1 0.7451923076923077 0.6310096153846154 0.13701923076923078 0.18028846153846154
1 0.06129807692307692 0.0985576923076923 0.11778846153846154 0.19230769230769232
2 0.20552884615384615 0.3557692307692308 0.32211538461538464 0.39663461538461536