1 0.5288461538461539 0.31971153846153844 0.1875 0.25
1 0.2980769230769231 0.7451923076923077 0.1875 0.25
1 0.14182692307692307 0.8221153846153846 0.1875 0.25
1 0.08533653846153846 0.36899038461538464 0.16826923076923078 0.21153846153846154
1 0.0625 0.5973557692307693 0.12259615384615384 0.2548076923076923
1 0.2247596153846154 0.5240384615384616 0.16826923076923078 0.20673076923076922
1 0.27524038461538464 0.2848557692307692 0.16826923076923078 0.20673076923076922
1 0.23197115384615385 0.10336538461538461 0.17067307692307693 0.20673076923076922
1 0.7512019230769231 0.15625 0.16826923076923078 0.20673076923076922
2 0.5372596153846154 0.7944711538461539 0.34615384615384615 0.40625
2 0.828125 0.5276442307692307 0.3389423076923077 0.5408653846153846