1 0.5528846153846154 0.18389423076923078 0.21634615384615385 0.15865384615384615
1 0.7764423076923077 0.3762019230769231 0.21634615384615385 0.15865384615384615
1 0.7283653846153846 0.23317307692307693 0.16346153846153846 0.15384615384615385
1 0.4807692307692308 0.3473557692307692 0.23317307692307693 0.1778846153846154
1 0.6141826923076923 0.47115384615384615 0.23557692307692307 0.20673076923076922
1 0.13341346153846154 0.7800480769230769 0.1971153846153846 0.18028846153846154
1 0.08774038461538461 0.8990384615384616 0.17067307692307693 0.16346153846153846
1 0.35697115384615385 0.7728365384615384 0.22596153846153846 0.21153846153846154
1 0.6370192307692307 0.8762019230769231 0.22596153846153846 0.16346153846153846
1 0.8389423076923077 0.1201923076923077 0.22596153846153846 0.22596153846153846
1 0.5480769230769231 0.6442307692307693 0.2548076923076923 0.16346153846153846
2 0.19471153846153846 0.36899038461538464 0.38461538461538464 0.3894230769230769
0 0.8641826923076923 0.2860576923076923 0.0673076923076923 0.052884615384615384