1 0.5132211538461539 0.25961538461538464 0.20673076923076922 0.18269230769230768
1 0.7295673076923077 0.35336538461538464 0.21875 0.15865384615384615
1 0.7415865384615384 0.2512019230769231 0.1875 0.14423076923076922
1 0.11298076923076923 0.38100961538461536 0.22596153846153846 0.18028846153846154
1 0.8425480769230769 0.7860576923076923 0.21875 0.16105769230769232
1 0.47836538461538464 0.7980769230769231 0.23317307692307693 0.16826923076923078
1 0.578125 0.7704326923076923 0.21394230769230768 0.16826923076923078
1 0.36899038461538464 0.49399038461538464 0.19951923076923078 0.17307692307692307
1 0.27403846153846156 0.9375 0.25 0.12259615384615384
1 0.07572115384615384 0.9194711538461539 0.1466346153846154 0.15625
1 0.0733173076923077 0.7860576923076923 0.14182692307692307 0.16346153846153846
1 0.09615384615384616 0.5901442307692307 0.19230769230769232 0.15865384615384615
1 0.234375 0.7367788461538461 0.20432692307692307 0.15625
1 0.3293269230769231 0.4326923076923077 0.20432692307692307 0.15625
1 0.19471153846153846 0.1875 0.20432692307692307 0.15625
1 0.6286057692307693 0.10817307692307693 0.23317307692307693 0.16826923076923078
1 0.5625 0.47716346153846156 0.15144230769230768 0.15865384615384615
1 0.5973557692307693 0.9314903846153846 0.22115384615384615 0.1346153846153846
2 0.7860576923076923 0.6213942307692307 0.3269230769230769 0.24759615384615385