1 0.7271634615384616 0.7560096153846154 0.1971153846153846 0.28125
1 0.5084134615384616 0.7860576923076923 0.1778846153846154 0.1875
1 0.8822115384615384 0.5276442307692307 0.17548076923076922 0.3317307692307692
1 0.7043269230769231 0.3233173076923077 0.16826923076923078 0.23076923076923078
1 0.2091346153846154 0.9290865384615384 0.19230769230769232 0.13701923076923078
1 0.796875 0.0625 0.12980769230769232 0.1201923076923077
1 0.43149038461538464 0.13701923076923078 0.22115384615384615 0.2403846153846154
1 0.5889423076923077 0.17668269230769232 0.14903846153846154 0.21394230769230768
1 0.07451923076923077 0.5985576923076923 0.14903846153846154 0.25240384615384615
1 0.9158653846153846 0.8713942307692307 0.1658653846153846 0.25240384615384615
1 0.9663461538461539 0.08173076923076923 0.0625 0.15865384615384615
2 0.4639423076923077 0.47596153846153844 0.33653846153846156 0.3942307692307692
1 0.23677884615384615 0.5048076923076923 0.1778846153846154 0.1875
1 0.31971153846153844 0.23798076923076922 0.21153846153846154 0.24519230769230768