1 0.6370192307692307 0.5204326923076923 0.19951923076923078 0.125
1 0.44350961538461536 0.8497596153846154 0.21153846153846154 0.20673076923076922
1 0.6262019230769231 0.6454326923076923 0.24519230769230768 0.16826923076923078
1 0.46875 0.3137019230769231 0.30288461538461536 0.21634615384615385
1 0.30528846153846156 0.08653846153846154 0.21634615384615385 0.11057692307692307
1 0.8161057692307693 0.8052884615384616 0.21634615384615385 0.11057692307692307
1 0.21875 0.8978365384615384 0.21153846153846154 0.1201923076923077
1 0.06850961538461539 0.08052884615384616 0.13221153846153846 0.15625
1 0.30288461538461536 0.3954326923076923 0.1971153846153846 0.17307692307692307
2 0.21394230769230768 0.6141826923076923 0.34134615384615385 0.31971153846153844
0 0.056490384615384616 0.24639423076923078 0.07211538461538461 0.05048076923076923
1 0.8185096153846154 0.6670673076923077 0.21153846153846154 0.15865384615384615