2 0.6899038461538461 0.5805288461538461 0.28365384615384615 0.3870192307692308
0 0.8149038461538461 0.7139423076923077 0.0625 0.0673076923076923
0 0.7319711538461539 0.016826923076923076 0.06490384615384616 0.03365384615384615
0 0.3329326923076923 0.43149038461538464 0.0625 0.0673076923076923
1 0.8882211538461539 0.41947115384615385 0.18509615384615385 0.19951923076923078
1 0.9098557692307693 0.49399038461538464 0.17548076923076922 0.20432692307692307
1 0.4519230769230769 0.3737980769230769 0.16826923076923078 0.19951923076923078
1 0.36899038461538464 0.24158653846153846 0.16826923076923078 0.19951923076923078
1 0.46274038461538464 0.12620192307692307 0.19230769230769232 0.22596153846153846
1 0.17427884615384615 0.20673076923076922 0.22596153846153846 0.22596153846153846
1 0.1502403846153846 0.40625 0.1778846153846154 0.2620192307692308
1 0.04927884615384615 0.8713942307692307 0.09615384615384616 0.25240384615384615
1 0.23557692307692307 0.8882211538461539 0.21875 0.22115384615384615
1 0.4675480769230769 0.9038461538461539 0.19230769230769232 0.1875
1 0.30528846153846156 0.6153846153846154 0.16826923076923078 0.21634615384615385
1 0.9122596153846154 0.14543269230769232 0.1466346153846154 0.2860576923076923