1 0.6742788461538461 0.6622596153846154 0.20192307692307693 0.21875
1 0.5144230769230769 0.30528846153846156 0.1971153846153846 0.28125
1 0.7848557692307693 0.4807692307692308 0.18509615384615385 0.25961538461538464
1 0.26802884615384615 0.1658653846153846 0.22115384615384615 0.22115384615384615
1 0.04326923076923077 0.6442307692307693 0.08173076923076923 0.3173076923076923
1 0.5973557692307693 0.8762019230769231 0.21875 0.24278846153846154
1 0.7716346153846154 0.8786057692307693 0.14423076923076922 0.23798076923076922
1 0.9230769230769231 0.31850961538461536 0.14903846153846154 0.27403846153846156
1 0.9290865384615384 0.6310096153846154 0.13942307692307693 0.24278846153846154
1 0.9314903846153846 0.9158653846153846 0.13221153846153846 0.16346153846153846
1 0.5588942307692307 0.09975961538461539 0.1971153846153846 0.19471153846153846
0 0.8137019230769231 0.6478365384615384 0.04807692307692308 0.06971153846153846
0 0.6334134615384616 0.4963942307692308 0.08653846153846154 0.10336538461538461
2 0.40865384615384615 0.6298076923076923 0.32211538461538464 0.38461538461538464