1 0.29927884615384615 0.8233173076923077 0.21153846153846154 0.15865384615384615
1 0.14423076923076922 0.8269230769230769 0.21153846153846154 0.15865384615384615
1 0.09375 0.41225961538461536 0.18269230769230768 0.1658653846153846
1 0.171875 0.5216346153846154 0.25 0.16346153846153846
1 0.5072115384615384 0.328125 0.2403846153846154 0.13701923076923078
1 0.7560096153846154 0.4182692307692308 0.2860576923076923 0.17307692307692307
1 0.6021634615384616 0.16947115384615385 0.23557692307692307 0.16826923076923078
1 0.5120192307692307 0.9591346153846154 0.23076923076923078 0.07692307692307693
1 0.22115384615384615 0.13581730769230768 0.22596153846153846 0.18028846153846154
1 0.7740384615384616 0.9146634615384616 0.22596153846153846 0.16826923076923078
1 0.890625 0.71875 0.21394230769230768 0.1875
1 0.8605769230769231 0.23317307692307693 0.1971153846153846 0.15144230769230768
1 0.84375 0.06850961538461539 0.20192307692307693 0.13221153846153846
1 0.3581730769230769 0.4891826923076923 0.1971153846153846 0.1778846153846154
1 0.5913461538461539 0.06129807692307692 0.23076923076923078 0.11778846153846154
1 0.40024038461538464 0.22596153846153846 0.20673076923076922 0.12980769230769232
2 0.5913461538461539 0.6778846153846154 0.4375 0.4831730769230769