1 0.8485576923076923 0.4795673076923077 0.20432692307692307 0.22115384615384615
1 0.6923076923076923 0.44591346153846156 0.19471153846153846 0.14903846153846154
1 0.8197115384615384 0.20552884615384615 0.21153846153846154 0.18990384615384615
1 0.1971153846153846 0.3401442307692308 0.21153846153846154 0.1658653846153846
1 0.25961538461538464 0.5516826923076923 0.19230769230769232 0.17067307692307693
1 0.4206730769230769 0.5108173076923077 0.18509615384615385 0.15384615384615385
1 0.15504807692307693 0.6995192307692307 0.24278846153846154 0.20673076923076922
1 0.09134615384615384 0.2283653846153846 0.18269230769230768 0.15144230769230768
1 0.09735576923076923 0.13822115384615385 0.19471153846153846 0.18990384615384615
1 0.5673076923076923 0.3016826923076923 0.25 0.23557692307692307
1 0.38461538461538464 0.3233173076923077 0.19951923076923078 0.18028846153846154
1 0.8088942307692307 0.7199519230769231 0.2692307692307692 0.18509615384615385
1 0.4675480769230769 0.109375 0.22596153846153846 0.16826923076923078
2 0.6838942307692307 0.8954326923076923 0.45913461538461536 0.20432692307692307