1 0.8629807692307693 0.9086538461538461 0.21634615384615385 0.1778846153846154
1 0.6442307692307693 0.859375 0.3004807692307692 0.21634615384615385
1 0.46634615384615385 0.8581730769230769 0.20192307692307693 0.18509615384615385
1 0.49399038461538464 0.7355769230769231 0.28125 0.11057692307692307
1 0.08173076923076923 0.9110576923076923 0.16346153846153846 0.13701923076923078
1 0.2091346153846154 0.5084134615384616 0.2403846153846154 0.16826923076923078
1 0.1141826923076923 0.32211538461538464 0.18269230769230768 0.14182692307692307
1 0.3088942307692308 0.6514423076923077 0.1875 0.1778846153846154
1 0.5757211538461539 0.6033653846153846 0.18990384615384615 0.19230769230769232
1 0.8004807692307693 0.6610576923076923 0.24519230769230768 0.1875
1 0.8052884615384616 0.5456730769230769 0.24519230769230768 0.1875
1 0.7776442307692307 0.34375 0.27403846153846156 0.1875
1 0.22235576923076922 0.7992788461538461 0.2860576923076923 0.125
1 0.27884615384615385 0.9194711538461539 0.20192307692307693 0.15625
1 0.11899038461538461 0.7211538461538461 0.23317307692307693 0.16346153846153846
1 0.5 0.06610576923076923 0.2980769230769231 0.12980769230769232
1 0.9483173076923077 0.17427884615384615 0.10096153846153846 0.1971153846153846
0 0.7896634615384616 0.23557692307692307 0.10096153846153846 0.06490384615384616
2 0.4831730769230769 0.33052884615384615 0.43509615384615385 0.3701923076923077