1 0.34975961538461536 0.052884615384615384 0.23317307692307693 0.10576923076923077
1 0.8762019230769231 0.3954326923076923 0.24278846153846154 0.1875
1 0.2692307692307692 0.296875 0.24519230769230768 0.16346153846153846
1 0.06971153846153846 0.1622596153846154 0.1346153846153846 0.13942307692307693
1 0.8725961538461539 0.9170673076923077 0.23076923076923078 0.16346153846153846
1 0.7307692307692307 0.7043269230769231 0.19230769230769232 0.14903846153846154
1 0.4098557692307692 0.4567307692307692 0.22115384615384615 0.1875
1 0.25961538461538464 0.49038461538461536 0.22115384615384615 0.1875
1 0.4951923076923077 0.18269230769230768 0.25 0.1778846153846154
1 0.5444711538461539 0.3004807692307692 0.25 0.1778846153846154
1 0.8834134615384616 0.2920673076923077 0.2283653846153846 0.18028846153846154
1 0.14302884615384615 0.5877403846153846 0.15384615384615385 0.16346153846153846
1 0.6706730769230769 0.052884615384615384 0.1971153846153846 0.10576923076923077
2 0.3112980769230769 0.7872596153846154 0.5048076923076923 0.39903846153846156