1 0.7295673076923077 0.7295673076923077 0.20192307692307693 0.27884615384615385
1 0.3137019230769231 0.6189903846153846 0.22115384615384615 0.27884615384615385
1 0.08653846153846154 0.4651442307692308 0.16826923076923078 0.20432692307692307
1 0.057692307692307696 0.8846153846153846 0.11057692307692307 0.22596153846153846
1 0.2764423076923077 0.1141826923076923 0.20673076923076922 0.22355769230769232
1 0.2439903846153846 0.3401442307692308 0.20432692307692307 0.24278846153846154
1 0.5204326923076923 0.9098557692307693 0.1875 0.1778846153846154
1 0.9302884615384616 0.0829326923076923 0.1346153846153846 0.16105769230769232
1 0.6658653846153846 0.125 0.22115384615384615 0.24519230769230768
1 0.48677884615384615 0.09254807692307693 0.19471153846153846 0.18028846153846154
1 0.5925480769230769 0.6670673076923077 0.18269230769230768 0.23557692307692307
2 0.5072115384615384 0.3798076923076923 0.3798076923076923 0.4519230769230769