1 0.3449519230769231 0.8605769230769231 0.23798076923076922 0.18269230769230768
1 0.5805288461538461 0.8569711538461539 0.23798076923076922 0.18269230769230768
1 0.8100961538461539 0.0829326923076923 0.24519230769230768 0.16105769230769232
1 0.7848557692307693 0.7860576923076923 0.19951923076923078 0.16346153846153846
1 0.21875 0.4375 0.19951923076923078 0.16346153846153846
1 0.07091346153846154 0.05889423076923077 0.14182692307692307 0.11298076923076923
1 0.6622596153846154 0.5877403846153846 0.16346153846153846 0.16346153846153846
1 0.6430288461538461 0.29927884615384615 0.16346153846153846 0.16346153846153846
1 0.39663461538461536 0.4254807692307692 0.16346153846153846 0.16346153846153846
1 0.0829326923076923 0.6153846153846154 0.16346153846153846 0.16346153846153846
1 0.8425480769230769 0.36778846153846156 0.1875 0.16346153846153846
1 0.3125 0.1935096153846154 0.1875 0.16346153846153846
1 0.3401442307692308 0.7127403846153846 0.22596153846153846 0.17067307692307693
1 0.8870192307692307 0.6610576923076923 0.22115384615384615 0.1875
1 0.6742788461538461 0.41346153846153844 0.15384615384615385 0.1201923076923077
2 0.5492788461538461 0.09375 0.25240384615384615 0.18269230769230768
0 0.6622596153846154 0.8605769230769231 0.057692307692307696 0.04326923076923077