1 0.36658653846153844 0.5913461538461539 0.23557692307692307 0.23076923076923078
1 0.39903846153846156 0.07091346153846154 0.2403846153846154 0.13942307692307693
1 0.6754807692307693 0.09014423076923077 0.2548076923076923 0.1778846153846154
1 0.9122596153846154 0.06850961538461539 0.17067307692307693 0.13221153846153846
1 0.7043269230769231 0.28846153846153844 0.20673076923076922 0.18269230769230768
1 0.4831730769230769 0.24879807692307693 0.20673076923076922 0.17307692307692307
1 0.5913461538461539 0.46033653846153844 0.28365384615384615 0.1466346153846154
1 0.10336538461538461 0.4891826923076923 0.20192307692307693 0.17307692307692307
1 0.1622596153846154 0.17548076923076922 0.2403846153846154 0.20673076923076922
1 0.4651442307692308 0.9158653846153846 0.25240384615384615 0.16346153846153846
1 0.7007211538461539 0.9158653846153846 0.25 0.1658653846153846
1 0.22596153846153846 0.7295673076923077 0.24759615384615385 0.17067307692307693
1 0.3269230769230769 0.3894230769230769 0.24759615384615385 0.17067307692307693
1 0.9495192307692307 0.875 0.09615384615384616 0.21153846153846154
2 0.8774038461538461 0.36658653846153844 0.2403846153846154 0.38221153846153844