1 0.6887019230769231 0.4206730769230769 0.19230769230769232 0.15144230769230768
1 0.2127403846153846 0.5973557692307693 0.24759615384615385 0.18269230769230768
1 0.7728365384615384 0.7079326923076923 0.2644230769230769 0.19951923076923078
1 0.9110576923076923 0.8040865384615384 0.15384615384615385 0.12740384615384615
1 0.875 0.5012019230769231 0.23317307692307693 0.16826923076923078
1 0.7139423076923077 0.24158653846153846 0.20192307692307693 0.14423076923076922
1 0.2403846153846154 0.08774038461538461 0.23076923076923078 0.17307692307692307
1 0.4567307692307692 0.06490384615384616 0.21634615384615385 0.12740384615384615
1 0.42788461538461536 0.2091346153846154 0.20432692307692307 0.14903846153846154
1 0.6875 0.08173076923076923 0.20673076923076922 0.15865384615384615
1 0.057692307692307696 0.19951923076923078 0.11057692307692307 0.16346153846153846
1 0.23317307692307693 0.23076923076923078 0.21153846153846154 0.16346153846153846
1 0.5576923076923077 0.9326923076923077 0.2548076923076923 0.12980769230769232
1 0.578125 0.4807692307692308 0.22355769230769232 0.16346153846153846
2 0.39302884615384615 0.8173076923076923 0.46875 0.3605769230769231
0 0.7211538461538461 0.6021634615384616 0.07932692307692307 0.0673076923076923