1 0.3245192307692308 0.47115384615384615 0.25 0.18509615384615385
1 0.7487980769230769 0.7019230769230769 0.25 0.18509615384615385
1 0.8245192307692307 0.8569711538461539 0.25 0.18509615384615385
1 0.3737980769230769 0.9134615384615384 0.21153846153846154 0.16826923076923078
1 0.6009615384615384 0.9362980769230769 0.2548076923076923 0.125
1 0.5288461538461539 0.7740384615384616 0.20432692307692307 0.1658653846153846
1 0.28966346153846156 0.7235576923076923 0.20432692307692307 0.1658653846153846
1 0.10697115384615384 0.7668269230769231 0.20432692307692307 0.1658653846153846
1 0.16105769230769232 0.24879807692307693 0.20432692307692307 0.1658653846153846
2 0.796875 0.46274038461538464 0.40384615384615385 0.34615384615384615
2 0.5300480769230769 0.17067307692307693 0.5336538461538461 0.34134615384615385