2 0.44350961538461536 0.49399038461538464 0.3605769230769231 0.4807692307692308
1 0.7043269230769231 0.8016826923076923 0.18269230769230768 0.2403846153846154
1 0.7764423076923077 0.9002403846153846 0.18509615384615385 0.19471153846153846
1 0.9375 0.8377403846153846 0.1201923076923077 0.24759615384615385
1 0.7860576923076923 0.5841346153846154 0.22355769230769232 0.23557692307692307
1 0.7427884615384616 0.35096153846153844 0.22355769230769232 0.23557692307692307
1 0.14182692307692307 0.34134615384615385 0.22355769230769232 0.23557692307692307
1 0.07451923076923077 0.31009615384615385 0.1466346153846154 0.21153846153846154
1 0.07211538461538461 0.5769230769230769 0.14182692307692307 0.25721153846153844
1 0.15865384615384615 0.8185096153846154 0.1875 0.2548076923076923
1 0.36778846153846156 0.8233173076923077 0.2091346153846154 0.2548076923076923
1 0.49759615384615385 0.8413461538461539 0.2091346153846154 0.2548076923076923
1 0.4831730769230769 0.9338942307692307 0.20673076923076922 0.12740384615384615
1 0.9098557692307693 0.34375 0.17548076923076922 0.23076923076923078
1 0.06490384615384616 0.09375 0.12980769230769232 0.18269230769230768
0 0.27403846153846156 0.05889423076923077 0.07692307692307693 0.08653846153846154
0 0.171875 0.13822115384615385 0.07692307692307693 0.08653846153846154
0 0.9122596153846154 0.4963942307692308 0.07692307692307693 0.08653846153846154