1 0.09254807692307693 0.1935096153846154 0.18509615384615385 0.28365384615384615
1 0.5649038461538461 0.11057692307692307 0.1875 0.21634615384615385
1 0.8822115384615384 0.3581730769230769 0.19471153846153846 0.25240384615384615
1 0.8461538461538461 0.5721153846153846 0.20673076923076922 0.23076923076923078
1 0.9447115384615384 0.8233173076923077 0.10576923076923077 0.27884615384615385
1 0.8161057692307693 0.8197115384615384 0.15384615384615385 0.2548076923076923
1 0.6382211538461539 0.890625 0.21394230769230768 0.21394230769230768
1 0.6454326923076923 0.6899038461538461 0.19230769230769232 0.20432692307692307
1 0.4170673076923077 0.7307692307692307 0.19230769230769232 0.20432692307692307
1 0.6634615384615384 0.46153846153846156 0.15865384615384615 0.21634615384615385
1 0.8137019230769231 0.078125 0.1658653846153846 0.15144230769230768
1 0.3605769230769231 0.06370192307692307 0.16826923076923078 0.12259615384615384
1 0.3004807692307692 0.22115384615384615 0.18269230769230768 0.20673076923076922
1 0.09014423076923077 0.6574519230769231 0.18028846153846154 0.24759615384615385
2 0.47836538461538464 0.4182692307692308 0.34615384615384615 0.5