1 0.8810096153846154 0.47115384615384615 0.1875 0.21634615384615385
1 0.9182692307692307 0.17307692307692307 0.15865384615384615 0.22596153846153846
1 0.8870192307692307 0.8882211538461539 0.19230769230769232 0.22115384615384615
1 0.7451923076923077 0.8149038461538461 0.18990384615384615 0.22596153846153846
1 0.6598557692307693 0.6622596153846154 0.19471153846153846 0.27403846153846156
1 0.5228365384615384 0.8725961538461539 0.16346153846153846 0.21634615384615385
1 0.3449519230769231 0.7439903846153846 0.17307692307692307 0.20192307692307693
1 0.3641826923076923 0.23798076923076922 0.20673076923076922 0.25
1 0.6262019230769231 0.10697115384615384 0.22355769230769232 0.21394230769230768
1 0.6478365384615384 0.33653846153846156 0.18509615384615385 0.21153846153846154
1 0.6045673076923077 0.41346153846153844 0.15384615384615385 0.1778846153846154
1 0.2403846153846154 0.078125 0.2548076923076923 0.15625
1 0.06971153846153846 0.5733173076923077 0.1346153846153846 0.18269230769230768
1 0.15865384615384615 0.35216346153846156 0.13942307692307693 0.1875
1 0.08052884615384616 0.3173076923076923 0.15865384615384615 0.24519230769230768
2 0.11298076923076923 0.8173076923076923 0.22355769230769232 0.3605769230769231
0 0.2668269230769231 0.5853365384615384 0.11538461538461539 0.16346153846153846
0 0.8725961538461539 0.28725961538461536 0.07692307692307693 0.10096153846153846
0 0.7920673076923077 0.0829326923076923 0.08653846153846154 0.08653846153846154