1 0.35697115384615385 0.6213942307692307 0.23076923076923078 0.23798076923076922
1 0.9026442307692307 0.5889423076923077 0.18990384615384615 0.24519230769230768
1 0.8677884615384616 0.3088942307692308 0.19230769230769232 0.2548076923076923
1 0.9050480769230769 0.08052884615384616 0.18509615384615385 0.15625
1 0.6598557692307693 0.28125 0.18509615384615385 0.20673076923076922
1 0.7007211538461539 0.5036057692307693 0.17548076923076922 0.20673076923076922
1 0.4879807692307692 0.3942307692307692 0.1466346153846154 0.28846153846153844
1 0.45913461538461536 0.890625 0.17548076923076922 0.21153846153846154
1 0.7740384615384616 0.8257211538461539 0.20673076923076922 0.24278846153846154
1 0.057692307692307696 0.5216346153846154 0.11298076923076923 0.25240384615384615
1 0.057692307692307696 0.2860576923076923 0.11298076923076923 0.25
1 0.21754807692307693 0.7620192307692307 0.17307692307692307 0.25
1 0.5588942307692307 0.6598557692307693 0.17307692307692307 0.25
1 0.0889423076923077 0.042067307692307696 0.17307692307692307 0.07932692307692307
2 0.5805288461538461 0.11538461538461539 0.38221153846153844 0.22596153846153846