1 0.7788461538461539 0.22235576923076922 0.2283653846153846 0.17307692307692307
1 0.5360576923076923 0.16466346153846154 0.3076923076923077 0.20673076923076922
1 0.4795673076923077 0.39783653846153844 0.23557692307692307 0.18509615384615385
1 0.7151442307692307 0.9278846153846154 0.21875 0.13942307692307693
1 0.8882211538461539 0.6923076923076923 0.21875 0.21634615384615385
1 0.3016826923076923 0.8581730769230769 0.1778846153846154 0.15625
1 0.8076923076923077 0.46875 0.25 0.18509615384615385
1 0.8305288461538461 0.8954326923076923 0.21634615384615385 0.15865384615384615
1 0.2548076923076923 0.7043269230769231 0.19230769230769232 0.15384615384615385
1 0.6141826923076923 0.6670673076923077 0.18269230769230768 0.17067307692307693
1 0.5600961538461539 0.8377403846153846 0.21634615384615385 0.16826923076923078
1 0.5336538461538461 0.7103365384615384 0.17307692307692307 0.15865384615384615
1 0.31490384615384615 0.22235576923076922 0 0
2 0.16947115384615385 0.4375 0.33653846153846156 0.4519230769230769