1 0.6298076923076923 0.7884615384615384 0.19230769230769232 0.1778846153846154
1 0.9254807692307693 0.8846153846153846 0.14423076923076922 0.1778846153846154
1 0.14182692307692307 0.5276442307692307 0.1971153846153846 0.1778846153846154
1 0.8377403846153846 0.17067307692307693 0.2668269230769231 0.18269230769230768
1 0.25600961538461536 0.3173076923076923 0.2692307692307692 0.18269230769230768
1 0.9338942307692307 0.28725961538461536 0.12740384615384615 0.1778846153846154
1 0.3798076923076923 0.84375 0.16826923076923078 0.15865384615384615
1 0.16466346153846154 0.7800480769230769 0.25 0.1875
1 0.3269230769230769 0.1814903846153846 0.25721153846153844 0.14903846153846154
1 0.375 0.7475961538461539 0.18509615384615385 0.15384615384615385
1 0.7175480769230769 0.9459134615384616 0.2764423076923077 0.10336538461538461
2 0.7295673076923077 0.5721153846153846 0.49038461538461536 0.3894230769230769