1 0.7067307692307693 0.29447115384615385 0.19951923076923078 0.23557692307692307
1 0.9002403846153846 0.6057692307692307 0.19471153846153846 0.2403846153846154
1 0.5120192307692307 0.8028846153846154 0.19951923076923078 0.23557692307692307
1 0.33533653846153844 0.7223557692307693 0.1778846153846154 0.22115384615384615
1 0.19831730769230768 0.8016826923076923 0.1778846153846154 0.22115384615384615
1 0.12139423076923077 0.6117788461538461 0.1778846153846154 0.22355769230769232
1 0.7283653846153846 0.8978365384615384 0.1778846153846154 0.19951923076923078
1 0.53125 0.5444711538461539 0.1971153846153846 0.1971153846153846
1 0.055288461538461536 0.8100961538461539 0.10817307692307693 0.21153846153846154
1 0.40024038461538464 0.47115384615384615 0.18269230769230768 0.20673076923076922
1 0.578125 0.39903846153846156 0.18269230769230768 0.23317307692307693
1 0.6310096153846154 0.15144230769230768 0.15625 0.22115384615384615
1 0.171875 0.43149038461538464 0.22115384615384615 0.15144230769230768
2 0.2776442307692308 0.2127403846153846 0.25961538461538464 0.31490384615384615
0 0.5300480769230769 0.05889423076923077 0.0625 0.07451923076923077
0 0.08653846153846154 0.20552884615384615 0.052884615384615384 0.0625