1 0.15144230769230768 0.3016826923076923 0.20192307692307693 0.1875
1 0.1141826923076923 0.11177884615384616 0.19230769230769232 0.1778846153846154
1 0.7211538461538461 0.40865384615384615 0.20192307692307693 0.1875
1 0.8100961538461539 0.6971153846153846 0.23317307692307693 0.1875
1 0.5661057692307693 0.7271634615384616 0.23557692307692307 0.14903846153846154
1 0.3858173076923077 0.9350961538461539 0.2764423076923077 0.12740384615384615
1 0.48677884615384615 0.28365384615384615 0.22115384615384615 0.15865384615384615
1 0.2932692307692308 0.44350961538461536 0.22115384615384615 0.15865384615384615
1 0.2608173076923077 0.14543269230769232 0.19230769230769232 0.16105769230769232
1 0.8425480769230769 0.5108173076923077 0.25961538461538464 0.18269230769230768
2 0.2920673076923077 0.6286057692307693 0.2860576923076923 0.21394230769230768
0 0.5612980769230769 0.22235576923076922 0.07211538461538461 0.052884615384615384
2 0.6887019230769231 0.9362980769230769 0.2692307692307692 0.125