1 0.7524038461538461 0.8629807692307693 0.3004807692307692 0.125
1 0.359375 0.7403846153846154 0.21875 0.18990384615384615
1 0.4891826923076923 0.9375 0.22355769230769232 0.1201923076923077
1 0.7680288461538461 0.5925480769230769 0.22115384615384615 0.17067307692307693
1 0.9230769230769231 0.5925480769230769 0.14903846153846154 0.16346153846153846
1 0.6213942307692307 0.19230769230769232 0.20673076923076922 0.17067307692307693
1 0.4831730769230769 0.4254807692307692 0.21153846153846154 0.1875
1 0.2127403846153846 0.4699519230769231 0.24759615384615385 0.1778846153846154
1 0.06850961538461539 0.16346153846153846 0.13701923076923078 0.17307692307692307
1 0.1875 0.3004807692307692 0.21153846153846154 0.16346153846153846
1 0.41466346153846156 0.3112980769230769 0.25961538461538464 0.15384615384615385
1 0.6875 0.06610576923076923 0.20673076923076922 0.12980769230769232
1 0.16706730769230768 0.9266826923076923 0.24278846153846154 0.14182692307692307
1 0.0985576923076923 0.7776442307692307 0.1971153846153846 0.16346153846153846
1 0.0829326923076923 0.6298076923076923 0.1658653846153846 0.1466346153846154
0 0.5793269230769231 0.36177884615384615 0.0673076923076923 0.0673076923076923
2 0.84375 0.3004807692307692 0.3076923076923077 0.4326923076923077