1 0.2920673076923077 0.5697115384615384 0.23076923076923078 0.1778846153846154
1 0.3605769230769231 0.7307692307692307 0.22596153846153846 0.15865384615384615
1 0.5516826923076923 0.5300480769230769 0.22596153846153846 0.15865384615384615
1 0.5985576923076923 0.7764423076923077 0.23798076923076922 0.18269230769230768
1 0.6778846153846154 0.08533653846153846 0.2403846153846154 0.16826923076923078
1 0.8810096153846154 0.6850961538461539 0.23317307692307693 0.1875
1 0.6646634615384616 0.25600961538461536 0.25 0.21153846153846154
1 0.6141826923076923 0.3485576923076923 0.19230769230769232 0.2644230769230769
1 0.3545673076923077 0.296875 0.22115384615384615 0.23557692307692307
1 0.2644230769230769 0.15625 0.23317307692307693 0.1875
1 0.06850961538461539 0.12860576923076922 0.13221153846153846 0.16826923076923078
2 0.13221153846153846 0.8064903846153846 0.25961538461538464 0.31490384615384615