1 0.2608173076923077 0.5168269230769231 0.19471153846153846 0.1971153846153846
1 0.46153846153846156 0.3473557692307692 0.19471153846153846 0.1971153846153846
1 0.7307692307692307 0.13701923076923078 0.19471153846153846 0.1971153846153846
1 0.875 0.32091346153846156 0.19471153846153846 0.1971153846153846
1 0.8425480769230769 0.7235576923076923 0.19471153846153846 0.1971153846153846
1 0.6790865384615384 0.8569711538461539 0.15625 0.1875
1 0.2608173076923077 0.8221153846153846 0.18269230769230768 0.19951923076923078
1 0.5552884615384616 0.23557692307692307 0.18269230769230768 0.23317307692307693
1 0.7487980769230769 0.5264423076923077 0.18269230769230768 0.23317307692307693
1 0.46033653846153844 0.7956730769230769 0.16105769230769232 0.22596153846153846
1 0.859375 0.9230769230769231 0.16105769230769232 0.14903846153846154
1 0.09735576923076923 0.06490384615384616 0.17548076923076922 0.125
2 0.5805288461538461 0.5180288461538461 0.19230769230769232 0.2692307692307692