1 0.07932692307692307 0.43990384615384615 0.1346153846153846 0.20192307692307693
1 0.46274038461538464 0.5516826923076923 0.16346153846153846 0.2692307692307692
1 0.8329326923076923 0.3894230769230769 0.16346153846153846 0.2692307692307692
1 0.7427884615384616 0.7944711538461539 0.17548076923076922 0.2644230769230769
1 0.6814903846153846 0.42908653846153844 0.14903846153846154 0.21153846153846154
1 0.6911057692307693 0.15745192307692307 0.14903846153846154 0.21153846153846154
1 0.06850961538461539 0.7608173076923077 0.1346153846153846 0.21153846153846154
1 0.9459134615384616 0.25240384615384615 0.10576923076923077 0.21153846153846154
2 0.34375 0.3137019230769231 0.2692307692307692 0.24519230769230768
0 0.4387019230769231 0.8016826923076923 0.0625 0.07692307692307693
0 0.7740384615384616 0.5721153846153846 0.0625 0.07692307692307693