1 0.3016826923076923 0.40865384615384615 0.18990384615384615 0.16105769230769232
1 0.25841346153846156 0.5805288461538461 0.19230769230769232 0.17307692307692307
1 0.18509615384615385 0.828125 0.22115384615384615 0.17307692307692307
1 0.5396634615384616 0.9182692307692307 0.22355769230769232 0.16105769230769232
1 0.546875 0.41947115384615385 0.22115384615384615 0.17307692307692307
1 0.7632211538461539 0.41346153846153844 0.22115384615384615 0.17307692307692307
1 0.8100961538461539 0.5564903846153846 0.2548076923076923 0.19230769230769232
1 0.6081730769230769 0.6610576923076923 0.21153846153846154 0.16346153846153846
1 0.6610576923076923 0.7608173076923077 0.24519230769230768 0.18028846153846154
1 0.4266826923076923 0.7487980769230769 0.18269230769230768 0.18028846153846154
1 0.8954326923076923 0.8149038461538461 0.20432692307692307 0.19230769230769232
1 0.7163461538461539 0.28966346153846156 0.22115384615384615 0.14182692307692307
1 0.6814903846153846 0.07932692307692307 0.22115384615384615 0.15865384615384615
1 0.4831730769230769 0.09375 0.20673076923076922 0.15865384615384615
1 0.3641826923076923 0.7235576923076923 0.23798076923076922 0.1346153846153846
2 0.19831730769230768 0.1935096153846154 0.3918269230769231 0.3605769230769231