1 0.5637019230769231 0.5853365384615384 0.1875 0.21875
1 0.6141826923076923 0.7896634615384616 0.22596153846153846 0.25721153846153844
1 0.3954326923076923 0.5757211538461539 0.1875 0.23076923076923078
1 0.1045673076923077 0.25 0.17548076923076922 0.22596153846153846
1 0.0733173076923077 0.07692307692307693 0.14423076923076922 0.14903846153846154
1 0.6706730769230769 0.06009615384615385 0.17307692307692307 0.11538461538461539
1 0.48197115384615385 0.2512019230769231 0.19230769230769232 0.21634615384615385
1 0.9350961538461539 0.8978365384615384 0.125 0.19951923076923078
1 0.2620192307692308 0.3473557692307692 0.1778846153846154 0.27403846153846156
1 0.3605769230769231 0.8774038461538461 0.1875 0.2403846153846154
1 0.04927884615384615 0.71875 0.09615384615384616 0.25961538461538464
1 0.08052884615384616 0.49038461538461536 0.15865384615384615 0.2644230769230769
1 0.7536057692307693 0.5048076923076923 0.1971153846153846 0.25721153846153844
0 0.6033653846153846 0.9495192307692307 0.08653846153846154 0.09615384615384616
2 0.3076923076923077 0.11177884615384616 0.35336538461538464 0.21875