1 0.7644230769230769 0.5360576923076923 0.23557692307692307 0.1875
1 0.4831730769230769 0.6862980769230769 0.1778846153846154 0.1875
1 0.8401442307692307 0.7944711538461539 0.1971153846153846 0.16826923076923078
1 0.43509615384615385 0.8834134615384616 0.23076923076923078 0.16826923076923078
1 0.7283653846153846 0.8725961538461539 0.19471153846153846 0.16105769230769232
1 0.9314903846153846 0.7391826923076923 0.1346153846153846 0.14903846153846154
1 0.8401442307692307 0.15985576923076922 0.20673076923076922 0.13221153846153846
1 0.3401442307692308 0.40024038461538464 0.20192307692307693 0.15865384615384615
1 0.1045673076923077 0.8521634615384616 0.20192307692307693 0.15865384615384615
1 0.28725961538461536 0.6670673076923077 0.1971153846153846 0.1875
1 0.11538461538461539 0.125 0.20192307692307693 0.15865384615384615
1 0.3004807692307692 0.234375 0.19230769230769232 0.16346153846153846
1 0.10576923076923077 0.44471153846153844 0.21153846153846154 0.16826923076923078
1 0.07932692307692307 0.6021634615384616 0.15865384615384615 0.17307692307692307
1 0.10096153846153846 0.2764423076923077 0.20192307692307693 0.15384615384615385
1 0.4987980769230769 0.08533653846153846 0.1875 0.16826923076923078
2 0.6742788461538461 0.3269230769230769 0.3942307692307692 0.28365384615384615