1 0.44471153846153844 0.11899038461538461 0.17307692307692307 0.23557692307692307
1 0.49158653846153844 0.5805288461538461 0.17548076923076922 0.23076923076923078
1 0.203125 0.5829326923076923 0.17548076923076922 0.23076923076923078
1 0.24759615384615385 0.2848557692307692 0.23076923076923078 0.3485576923076923
1 0.84375 0.7560096153846154 0.20673076923076922 0.25
1 0.7235576923076923 0.6814903846153846 0.18269230769230768 0.22596153846153846
1 0.33413461538461536 0.7704326923076923 0.17548076923076922 0.23076923076923078
1 0.8461538461538461 0.5865384615384616 0.18269230769230768 0.22596153846153846
1 0.09735576923076923 0.765625 0.17548076923076922 0.23076923076923078
2 0.5588942307692307 0.8677884615384616 0.27403846153846156 0.25961538461538464
0 0.3125 0.46875 0.06971153846153846 0.07692307692307693
0 0.21033653846153846 0.03125 0.0673076923076923 0.0625