1 0.17067307692307693 0.13221153846153846 0.21153846153846154 0.1971153846153846
1 0.30649038461538464 0.6766826923076923 0.21153846153846154 0.21875
1 0.5576923076923077 0.4375 0.20192307692307693 0.19230769230769232
1 0.7307692307692307 0.29447115384615385 0.15384615384615385 0.21875
1 0.8112980769230769 0.09014423076923077 0.16826923076923078 0.1778846153846154
1 0.5733173076923077 0.21634615384615385 0.16826923076923078 0.21153846153846154
1 0.44591346153846156 0.2692307692307692 0.19230769230769232 0.24759615384615385
1 0.3485576923076923 0.4723557692307692 0.16826923076923078 0.21153846153846154
1 0.8713942307692307 0.8786057692307693 0.15625 0.23798076923076922
1 0.19951923076923078 0.4879807692307692 0.15865384615384615 0.21153846153846154
1 0.3293269230769231 0.8954326923076923 0.17307692307692307 0.20673076923076922
1 0.9399038461538461 0.6334134615384616 0.11538461538461539 0.28125
2 0.6322115384615384 0.7379807692307693 0.375 0.4567307692307692