2 0.6670673076923077 0.8221153846153846 0.43028846153846156 0.33653846153846156
1 0.7331730769230769 0.53125 0.23557692307692307 0.18990384615384615
1 0.7692307692307693 0.28966346153846156 0.28846153846153844 0.18269230769230768
1 0.32572115384615385 0.34375 0.3173076923076923 0.19230769230769232
1 0.3125 0.8052884615384616 0.1971153846153846 0.18028846153846154
1 0.8918269230769231 0.6213942307692307 0.1971153846153846 0.18028846153846154
1 0.9290865384615384 0.4326923076923077 0.13701923076923078 0.18028846153846154
1 0.4807692307692308 0.052884615384615384 0.2644230769230769 0.10336538461538461
1 0.2512019230769231 0.20072115384615385 0.2548076923076923 0.15865384615384615
1 0.21033653846153846 0.07572115384615384 0.21153846153846154 0.1466346153846154
1 0.5853365384615384 0.14423076923076922 0.2403846153846154 0.16346153846153846
1 0.14182692307692307 0.6478365384615384 0.23076923076923078 0.1875
1 0.18870192307692307 0.7764423076923077 0.23076923076923078 0.1875
1 0.9375 0.21634615384615385 0.1201923076923077 0.16346153846153846
1 0.9362980769230769 0.43028846153846156 0.125 0.16346153846153846