1 0.8545673076923077 0.5012019230769231 0.20673076923076922 0.22596153846153846
1 0.6935096153846154 0.46634615384615385 0.19951923076923078 0.15384615384615385
1 0.8245192307692307 0.22115384615384615 0.21634615384615385 0.19230769230769232
1 0.18870192307692307 0.3581730769230769 0.21634615384615385 0.16826923076923078
1 0.25240384615384615 0.5733173076923077 0.1971153846153846 0.17307692307692307
1 0.4170673076923077 0.5324519230769231 0.1875 0.15625
1 0.14543269230769232 0.7247596153846154 0.24759615384615385 0.21153846153846154
1 0.08653846153846154 0.2439903846153846 0.17307692307692307 0.15384615384615385
1 0.09254807692307693 0.15264423076923078 0.18269230769230768 0.18990384615384615
1 0.5673076923076923 0.31971153846153844 0.2548076923076923 0.2403846153846154
1 0.38100961538461536 0.34134615384615385 0.20432692307692307 0.18269230769230768
1 0.8137019230769231 0.7451923076923077 0.2764423076923077 0.1875
1 0.4651442307692308 0.12259615384615384 0.23076923076923078 0.17067307692307693
2 0.6850961538461539 0.9086538461538461 0.47115384615384615 0.1778846153846154