1 0.703125 0.10336538461538461 0.23317307692307693 0.17307692307692307
1 0.3641826923076923 0.7295673076923077 0.23076923076923078 0.19951923076923078
1 0.109375 0.7451923076923077 0.21394230769230768 0.20192307692307693
1 0.8942307692307693 0.921875 0.20673076923076922 0.15144230769230768
1 0.5877403846153846 0.6069711538461539 0.20673076923076922 0.14903846153846154
1 0.7584134615384616 0.7980769230769231 0.21394230769230768 0.17307692307692307
1 0.4230769230769231 0.2247596153846154 0.21394230769230768 0.17307692307692307
1 0.39302884615384615 0.13341346153846154 0.22596153846153846 0.19471153846153846
1 0.7740384615384616 0.31490384615384615 0.22596153846153846 0.16826923076923078
1 0.5745192307692307 0.6790865384615384 0.18269230769230768 0.14423076923076922
2 0.109375 0.27884615384615385 0.21394230769230768 0.27403846153846156
2 0.296875 0.45072115384615385 0.5240384615384616 0.36538461538461536