1 0.44591346153846156 0.8858173076923077 0.20673076923076922 0.1778846153846154
1 0.1622596153846154 0.9206730769230769 0.21875 0.15384615384615385
1 0.8473557692307693 0.8918269230769231 0.21634615384615385 0.18028846153846154
1 0.7740384615384616 0.7560096153846154 0.21634615384615385 0.18028846153846154
1 0.6286057692307693 0.6754807692307693 0.25961538461538464 0.18509615384615385
1 0.828125 0.5444711538461539 0.20432692307692307 0.15625
1 0.7067307692307693 0.375 0.19230769230769232 0.1658653846153846
1 0.22355769230769232 0.39302884615384615 0.23557692307692307 0.1971153846153846
1 0.10216346153846154 0.6442307692307693 0.19951923076923078 0.21634615384615385
1 0.3173076923076923 0.6634615384615384 0.20192307692307693 0.17548076923076922
1 0.3918269230769231 0.6225961538461539 0.16826923076923078 0.14423076923076922
1 0.07451923076923077 0.27524038461538464 0.14423076923076922 0.24759615384615385
1 0.5444711538461539 0.0889423076923077 0.17307692307692307 0.17548076923076922
1 0.3329326923076923 0.1971153846153846 0.1778846153846154 0.1346153846153846
1 0.2980769230769231 0.12139423076923077 0.23076923076923078 0.15384615384615385
2 0.8016826923076923 0.1310096153846154 0.3918269230769231 0.25961538461538464
0 0.5552884615384616 0.3004807692307692 0.15865384615384615 0.11057692307692307
0 0.27163461538461536 0.8762019230769231 0.09615384615384616 0.07211538461538461
0 0.07692307692307693 0.8004807692307693 0.08413461538461539 0.08413461538461539