1 0.2127403846153846 0.28846153846153844 0.27884615384615385 0.15865384615384615
1 0.49278846153846156 0.0889423076923077 0.2283653846153846 0.16346153846153846
1 0.08173076923076923 0.16466346153846154 0.16346153846153846 0.1778846153846154
1 0.46274038461538464 0.7055288461538461 0.2091346153846154 0.1778846153846154
1 0.8497596153846154 0.6153846153846154 0.24759615384615385 0.1778846153846154
1 0.8569711538461539 0.3762019230769231 0.19951923076923078 0.16826923076923078
1 0.6610576923076923 0.7139423076923077 0.2091346153846154 0.1778846153846154
1 0.8786057692307693 0.7668269230769231 0.2403846153846154 0.18269230769230768
1 0.3016826923076923 0.5192307692307693 0.16105769230769232 0.18269230769230768
1 0.11057692307692307 0.5853365384615384 0.22115384615384615 0.10817307692307693
1 0.24158653846153846 0.109375 0.1971153846153846 0.14903846153846154
1 0.8365384615384616 0.20552884615384615 0.21153846153846154 0.15384615384615385
1 0.6105769230769231 0.9326923076923077 0.23557692307692307 0.12980769230769232
2 0.5925480769230769 0.5144230769230769 0.45913461538461536 0.3557692307692308