2 0.6694711538461539 0.22956730769230768 0.2764423076923077 0.2403846153846154
2 0.1814903846153846 0.9122596153846154 0.3557692307692308 0.17307692307692307
0 0.8317307692307693 0.31009615384615385 0.08653846153846154 0.057692307692307696
0 0.026442307692307692 0.1141826923076923 0.04807692307692308 0.057692307692307696
1 0.18990384615384615 0.11778846153846154 0.22115384615384615 0.21634615384615385
1 0.15625 0.2704326923076923 0.22115384615384615 0.21634615384615385
1 0.4326923076923077 0.234375 0.22115384615384615 0.21634615384615385
1 0.46634615384615385 0.14182692307692307 0.22115384615384615 0.21634615384615385
1 0.28966346153846156 0.7115384615384616 0.22115384615384615 0.21634615384615385
1 0.5408653846153846 0.6754807692307693 0.22115384615384615 0.21634615384615385
1 0.8329326923076923 0.5901442307692307 0.22115384615384615 0.21634615384615385
1 0.7403846153846154 0.7680288461538461 0.23557692307692307 0.15865384615384615
1 0.9038461538461539 0.07572115384615384 0.1875 0.15144230769230768
1 0.7103365384615384 0.056490384615384616 0.23557692307692307 0.11298076923076923
1 0.8016826923076923 0.9675480769230769 0.2692307692307692 0.0625
1 0.6262019230769231 0.9194711538461539 0.27163461538461536 0.15865384615384615