0 0.17427884615384615 0.4411057692307692 0.06971153846153846 0.08173076923076923
2 0.5661057692307693 0.4723557692307692 0.24278846153846154 0.3173076923076923
1 0.6526442307692307 0.6959134615384616 0.2283653846153846 0.22115384615384615
1 0.7788461538461539 0.4098557692307692 0.16105769230769232 0.21875
1 0.9194711538461539 0.23197115384615385 0.15865384615384615 0.21875
1 0.9194711538461539 0.1346153846153846 0.15865384615384615 0.21875
1 0.8233173076923077 0.06370192307692307 0.15384615384615385 0.12259615384615384
1 0.5889423076923077 0.21995192307692307 0.16826923076923078 0.13942307692307693
1 0.29086538461538464 0.6550480769230769 0.15384615384615385 0.23076923076923078
1 0.6237980769230769 0.8834134615384616 0.15625 0.23076923076923078
1 0.8629807692307693 0.6286057692307693 0.15384615384615385 0.23076923076923078
1 0.29086538461538464 0.13942307692307693 0.18269230769230768 0.21153846153846154
1 0.05889423076923077 0.3088942307692308 0.11538461538461539 0.21875
1 0.09134615384615384 0.7451923076923077 0.18028846153846154 0.21634615384615385
1 0.07211538461538461 0.9158653846153846 0.14182692307692307 0.16346153846153846
1 0.3293269230769231 0.8425480769230769 0.15384615384615385 0.23076923076923078
1 0.20072115384615385 0.9302884615384616 0.13942307692307693 0.1346153846153846