1 0.6177884615384616 0.7115384615384616 0.23557692307692307 0.17307692307692307
1 0.6502403846153846 0.46153846153846156 0.23557692307692307 0.17307692307692307
1 0.8834134615384616 0.41586538461538464 0.23076923076923078 0.17307692307692307
1 0.8028846153846154 0.6057692307692307 0.21875 0.16105769230769232
1 0.90625 0.7487980769230769 0.18269230769230768 0.16105769230769232
1 0.3954326923076923 0.6923076923076923 0.21875 0.16105769230769232
1 0.203125 0.5769230769230769 0.21634615384615385 0.18269230769230768
1 0.42788461538461536 0.5180288461538461 0.21634615384615385 0.18269230769230768
1 0.3605769230769231 0.08413461538461539 0.25961538461538464 0.1658653846153846
1 0.8930288461538461 0.0829326923076923 0.2091346153846154 0.16346153846153846
1 0.7536057692307693 0.21634615384615385 0.24519230769230768 0.23076923076923078
1 0.2956730769230769 0.8557692307692307 0.25961538461538464 0.18269230769230768
1 0.5276442307692307 0.890625 0.25961538461538464 0.18269230769230768
2 0.14302884615384615 0.30288461538461536 0.2860576923076923 0.3798076923076923