1 0.15985576923076922 0.14182692307692307 0.2644230769230769 0.1778846153846154
1 0.21875 0.37259615384615385 0.22115384615384615 0.23557692307692307
1 0.7956730769230769 0.1201923076923077 0.23557692307692307 0.19230769230769232
1 0.8088942307692307 0.5889423076923077 0.23557692307692307 0.19230769230769232
1 0.7067307692307693 0.39903846153846156 0.2644230769230769 0.19471153846153846
1 0.4807692307692308 0.921875 0.21875 0.15384615384615385
1 0.5240384615384616 0.1875 0.2283653846153846 0.16826923076923078
1 0.6105769230769231 0.234375 0.1875 0.13942307692307693
1 0.4579326923076923 0.3701923076923077 0.1971153846153846 0.1875
1 0.8882211538461539 0.28125 0.20192307692307693 0.14423076923076922
1 0.7536057692307693 0.8822115384615384 0.21153846153846154 0.1875
1 0.5805288461538461 0.05048076923076923 0.25961538461538464 0.10096153846153846
1 0.5637019230769231 0.8125 0.13942307692307693 0.10096153846153846
2 0.3317307692307692 0.6069711538461539 0.5384615384615384 0.4182692307692308