1 0.7764423076923077 0.5805288461538461 0.22355769230769232 0.17307692307692307
1 0.7307692307692307 0.7692307692307693 0.23557692307692307 0.20192307692307693
1 0.9194711538461539 0.7463942307692307 0.15625 0.21153846153846154
1 0.4795673076923077 0.5564903846153846 0.23076923076923078 0.20432692307692307
1 0.23918269230769232 0.31850961538461536 0.23076923076923078 0.20432692307692307
1 0.20673076923076922 0.49399038461538464 0.21153846153846154 0.15384615384615385
1 0.2800480769230769 0.6165865384615384 0.19230769230769232 0.15865384615384615
1 0.11177884615384616 0.9266826923076923 0.21875 0.14182692307692307
1 0.3581730769230769 0.9266826923076923 0.22115384615384615 0.14182692307692307
1 0.5 0.8016826923076923 0.25 0.17548076923076922
1 0.9050480769230769 0.34975961538461536 0.18509615384615385 0.1778846153846154
1 0.7668269230769231 0.23076923076923078 0.23557692307692307 0.1778846153846154
1 0.5408653846153846 0.22115384615384615 0.23557692307692307 0.1778846153846154
2 0.6454326923076923 0.3918269230769231 0.2644230769230769 0.1875
0 0.10216346153846154 0.020432692307692308 0.09375 0.040865384615384616