1 0.17427884615384615 0.0985576923076923 0.24278846153846154 0.18990384615384615
1 0.2127403846153846 0.4050480769230769 0.24278846153846154 0.18990384615384615
1 0.38341346153846156 0.8497596153846154 0.24278846153846154 0.18990384615384615
1 0.7872596153846154 0.71875 0.24278846153846154 0.18990384615384615
1 0.5060096153846154 0.6021634615384616 0.24278846153846154 0.18990384615384615
1 0.3629807692307692 0.5480769230769231 0.24278846153846154 0.18990384615384615
1 0.18629807692307693 0.734375 0.2403846153846154 0.16826923076923078
1 0.9098557692307693 0.5252403846153846 0.17548076923076922 0.17548076923076922
1 0.38221153846153844 0.1778846153846154 0.2091346153846154 0.17307692307692307
1 0.43990384615384615 0.06370192307692307 0.24519230769230768 0.125
2 0.703125 0.29927884615384615 0.4855769230769231 0.40865384615384615