1 0.7896634615384616 0.44471153846153844 0.24759615384615385 0.19471153846153846
1 0.4951923076923077 0.28725961538461536 0.1875 0.1971153846153846
1 0.8677884615384616 0.17307692307692307 0.20673076923076922 0.1778846153846154
1 0.44711538461538464 0.08413461538461539 0.24278846153846154 0.1658653846153846
1 0.7524038461538461 0.09254807692307693 0.20192307692307693 0.16826923076923078
1 0.9459134615384616 0.23076923076923078 0.10576923076923077 0.15625
1 0.8677884615384616 0.8377403846153846 0.21634615384615385 0.13942307692307693
1 0.34615384615384615 0.5853365384615384 0.21153846153846154 0.16346153846153846
1 0.1045673076923077 0.11298076923076923 0.20673076923076922 0.1658653846153846
1 0.29086538461538464 0.3076923076923077 0.20673076923076922 0.1971153846153846
1 0.11177884615384616 0.875 0.21153846153846154 0.16346153846153846
1 0.30528846153846156 0.7596153846153846 0.19951923076923078 0.17307692307692307
1 0.10576923076923077 0.5396634615384616 0.21153846153846154 0.17548076923076922
1 0.07932692307692307 0.375 0.15865384615384615 0.18269230769230768
1 0.10096153846153846 0.7163461538461539 0.20192307692307693 0.16105769230769232
1 0.5144230769230769 0.9122596153846154 0.20192307692307693 0.17067307692307693
2 0.6947115384615384 0.6622596153846154 0.4110576923076923 0.2956730769230769