1 0.8617788461538461 0.6634615384615384 0.2548076923076923 0.17067307692307693
1 0.5997596153846154 0.8401442307692307 0.2548076923076923 0.17067307692307693
1 0.328125 0.8125 0.24519230769230768 0.20673076923076922
1 0.14423076923076922 0.9278846153846154 0.22355769230769232 0.14182692307692307
1 0.12139423076923077 0.7295673076923077 0.23798076923076922 0.18269230769230768
1 0.7379807692307693 0.9495192307692307 0.24519230769230768 0.0985576923076923
1 0.9362980769230769 0.8269230769230769 0.12259615384615384 0.16346153846153846
1 0.17908653846153846 0.4855769230769231 0.25 0.12740384615384615
1 0.18028846153846154 0.40865384615384615 0.20673076923076922 0.20192307692307693
1 0.17427884615384615 0.20432692307692307 0.25 0.1778846153846154
1 0.6634615384615384 0.6634615384615384 0.18509615384615385 0.15384615384615385
1 0.9014423076923077 0.3485576923076923 0.19230769230769232 0.17307692307692307
1 0.5192307692307693 0.10697115384615384 0.21153846153846154 0.16826923076923078
1 0.9026442307692307 0.21394230769230768 0.18990384615384615 0.16826923076923078
1 0.7355769230769231 0.09615384615384616 0.2644230769230769 0.1875
2 0.4963942307692308 0.3581730769230769 0.5408653846153846 0.41346153846153844