1 0.4543269230769231 0.15625 0.22596153846153846 0.16346153846153846
1 0.22115384615384615 0.3557692307692308 0.22596153846153846 0.16346153846153846
1 0.27163461538461536 0.20673076923076922 0.17067307692307693 0.15865384615384615
1 0.5288461538461539 0.32572115384615385 0.2403846153846154 0.18509615384615385
1 0.390625 0.4543269230769231 0.24519230769230768 0.21634615384615385
1 0.890625 0.7764423076923077 0.20673076923076922 0.1875
1 0.9242788461538461 0.9002403846153846 0.14903846153846154 0.16826923076923078
1 0.6586538461538461 0.7692307692307693 0.23557692307692307 0.22115384615384615
1 0.36658653846153844 0.8762019230769231 0.23557692307692307 0.16826923076923078
1 0.15745192307692307 0.1045673076923077 0.23798076923076922 0.2091346153846154
1 0.4579326923076923 0.6346153846153846 0.2668269230769231 0.16826923076923078
2 0.8112980769230769 0.3485576923076923 0.37259615384615385 0.40625
0 0.12980769230769232 0.2620192307692308 0.07211538461538461 0.055288461538461536