1 0.49399038461538464 0.21875 0.17307692307692307 0.23557692307692307
1 0.25841346153846156 0.16466346153846154 0.21875 0.23317307692307693
1 0.4963942307692308 0.7848557692307693 0.1778846153846154 0.1971153846153846
1 0.9375 0.9074519230769231 0.1201923076923077 0.18028846153846154
1 0.765625 0.8786057692307693 0.17067307692307693 0.23798076923076922
1 0.9338942307692307 0.6177884615384616 0.12980769230769232 0.2860576923076923
1 0.7692307692307693 0.2956730769230769 0.13701923076923078 0.28365384615384615
1 0.6850961538461539 0.5973557692307693 0.13701923076923078 0.28365384615384615
1 0.09375 0.7163461538461539 0.18509615384615385 0.2692307692307692
1 0.9146634615384616 0.29927884615384615 0.16826923076923078 0.23798076923076922
2 0.27403846153846156 0.8389423076923077 0.21394230769230768 0.27403846153846156
0 0.5324519230769231 0.6658653846153846 0.07211538461538461 0.08413461538461539
0 0.5925480769230769 0.5084134615384616 0.07211538461538461 0.08413461538461539
1 0.1971153846153846 0.4206730769230769 0.17307692307692307 0.23557692307692307