2 0.3233173076923077 0.6117788461538461 0.24759615384615385 0.3125
1 0.21394230769230768 0.390625 0.1778846153846154 0.22355769230769232
1 0.5600961538461539 0.35216346153846156 0.14903846153846154 0.2644230769230769
1 0.4987980769230769 0.33774038461538464 0.11538461538461539 0.2644230769230769
1 0.44591346153846156 0.2848557692307692 0.11538461538461539 0.2644230769230769
1 0.4050480769230769 0.24519230769230768 0.11538461538461539 0.2644230769230769
1 0.35697115384615385 0.23677884615384615 0.11538461538461539 0.2644230769230769
1 0.8028846153846154 0.41466346153846156 0.1778846153846154 0.22355769230769232
1 0.71875 0.4411057692307692 0.1778846153846154 0.22355769230769232
1 0.8449519230769231 0.23076923076923078 0.1778846153846154 0.22355769230769232
1 0.9651442307692307 0.16706730769230768 0.0673076923076923 0.2283653846153846
1 0.9591346153846154 0.7055288461538461 0.07692307692307693 0.21153846153846154
1 0.9290865384615384 0.8185096153846154 0.13942307692307693 0.21634615384615385
1 0.65625 0.7223557692307693 0.1875 0.24519230769230768
1 0.5721153846153846 0.9014423076923077 0.1971153846153846 0.19230769230769232
1 0.6538461538461539 0.09975961538461539 0.18990384615384615 0.19471153846153846
1 0.36899038461538464 0.078125 0.18028846153846154 0.15144230769230768
1 0.1778846153846154 0.8389423076923077 0.15625 0.2403846153846154
1 0.3918269230769231 0.9026442307692307 0.15865384615384615 0.18990384615384615