1 0.12620192307692307 0.5216346153846154 0.21153846153846154 0.23557692307692307
1 0.0829326923076923 0.7367788461538461 0.16346153846153846 0.21153846153846154
1 0.7584134615384616 0.41586538461538464 0.21394230769230768 0.1875
1 0.7271634615384616 0.6959134615384616 0 0
1 0.5060096153846154 0.53125 0.1971153846153846 0.23317307692307693
1 0.08653846153846154 0.12139423076923077 0.16826923076923078 0.24278846153846154
1 0.8870192307692307 0.0985576923076923 0.16826923076923078 0.1971153846153846
1 0.7512019230769231 0.1622596153846154 0.11298076923076923 0.2668269230769231
1 0.39663461538461536 0.8161057692307693 0.14903846153846154 0.25961538461538464
0 0.9699519230769231 0.8197115384615384 0.055288461538461536 0.11057692307692307
0 0.8689903846153846 0.48197115384615385 0.07692307692307693 0.10576923076923077
2 0.5252403846153846 0.15745192307692307 0.39663461538461536 0.31490384615384615