1 0.3473557692307692 0.4951923076923077 0.16346153846153846 0.21634615384615385
1 0.6574519230769231 0.45072115384615385 0.16346153846153846 0.21634615384615385
1 0.7512019230769231 0.41586538461538464 0.16346153846153846 0.21875
1 0.6754807692307693 0.16466346153846154 0.18269230769230768 0.25
1 0.46875 0.32211538461538464 0.18269230769230768 0.25
1 0.33052884615384615 0.11057692307692307 0.17307692307692307 0.21634615384615385
1 0.16105769230769232 0.06610576923076923 0.19951923076923078 0.12980769230769232
1 0.28966346153846156 0.8521634615384616 0.21394230769230768 0.29086538461538464
1 0.07211538461538461 0.29447115384615385 0.13942307692307693 0.22355769230769232
1 0.9122596153846154 0.5552884615384616 0.16346153846153846 0.21875
1 0.5889423076923077 0.07932692307692307 0.14903846153846154 0.15384615384615385
1 0.15144230769230768 0.42908653846153844 0.17307692307692307 0.19230769230769232
1 0.08774038461538461 0.6490384615384616 0.17067307692307693 0.21153846153846154
1 0.12139423076923077 0.9362980769230769 0.18028846153846154 0.125
2 0.49038461538461536 0.7247596153846154 0.27884615384615385 0.2932692307692308