1 0.8641826923076923 0.9086538461538461 0.22596153846153846 0.17548076923076922
1 0.828125 0.7596153846153846 0.22596153846153846 0.17548076923076922
1 0.8725961538461539 0.265625 0.22115384615384615 0.14903846153846154
1 0.7175480769230769 0.5709134615384616 0.25721153846153844 0.18990384615384615
1 0.5396634615384616 0.6514423076923077 0.25721153846153844 0.18990384615384615
1 0.11899038461538461 0.6947115384615384 0.23317307692307693 0.18269230769230768
1 0.5228365384615384 0.8173076923076923 0.20673076923076922 0.15865384615384615
1 0.31009615384615385 0.14302884615384615 0.23557692307692307 0.17067307692307693
1 0.7175480769230769 0.17067307692307693 0.21153846153846154 0.19471153846153846
1 0.6887019230769231 0.3954326923076923 0.20192307692307693 0.16826923076923078
1 0.9050480769230769 0.41225961538461536 0.18509615384615385 0.16826923076923078
1 0.16706730769230768 0.24879807692307693 0.23557692307692307 0.16826923076923078
1 0.09615384615384616 0.36899038461538464 0.19230769230769232 0.15865384615384615
0 0.3545673076923077 0.8365384615384616 0.09615384615384616 0.052884615384615384
0 0.3473557692307692 0.7079326923076923 0.11057692307692307 0.08653846153846154
0 0.48197115384615385 0.1935096153846154 0.09615384615384616 0.06490384615384616
0 0.4014423076923077 0.19471153846153846 0.07451923076923077 0.0625
2 0.3389423076923077 0.44591346153846156 0.41346153846153844 0.3389423076923077