1 0.17067307692307693 0.7524038461538461 0.1778846153846154 0.18028846153846154
1 0.22956730769230768 0.921875 0.18028846153846154 0.15144230769230768
1 0.09615384615384616 0.5336538461538461 0.1875 0.12980769230769232
1 0.7007211538461539 0.90625 0.23317307692307693 0.18269230769230768
1 0.5336538461538461 0.7944711538461539 0.22596153846153846 0.1971153846153846
1 0.5204326923076923 0.12139423076923077 0.22596153846153846 0.1971153846153846
1 0.5492788461538461 0.23076923076923078 0.22596153846153846 0.1971153846153846
1 0.4795673076923077 0.484375 0.17548076923076922 0.15865384615384615
1 0.8990384615384616 0.8774038461538461 0.1971153846153846 0.20192307692307693
1 0.7463942307692307 0.10096153846153846 0.22596153846153846 0.1346153846153846
1 0.15384615384615385 0.08052884615384616 0.2692307692307692 0.15865384615384615
1 0.0625 0.3173076923076923 0.1201923076923077 0.16346153846153846
0 0.8028846153846154 0.6454326923076923 0.09134615384615384 0.0625
0 0.875 0.15144230769230768 0.10576923076923077 0.06971153846153846
2 0.8137019230769231 0.453125 0.36778846153846156 0.3389423076923077