1 0.6730769230769231 0.35336538461538464 0.25 0.16346153846153846
1 0.11778846153846154 0.28365384615384615 0.21153846153846154 0.1875
1 0.5168269230769231 0.2283653846153846 0.25240384615384615 0.1971153846153846
1 0.2980769230769231 0.17668269230769232 0.1778846153846154 0.18990384615384615
1 0.08533653846153846 0.8485576923076923 0.16826923076923078 0.15865384615384615
1 0.4050480769230769 0.9290865384615384 0.21394230769230768 0.13701923076923078
1 0.6358173076923077 0.9290865384615384 0.21394230769230768 0.13701923076923078
1 0.8497596153846154 0.47716346153846156 0.24519230769230768 0.20192307692307693
1 0.6586538461538461 0.6310096153846154 0.2403846153846154 0.17307692307692307
1 0.7067307692307693 0.7932692307692307 0.2403846153846154 0.17548076923076922
1 0.8257211538461539 0.7512019230769231 0.2403846153846154 0.17307692307692307
1 0.5288461538461539 0.05048076923076923 0.22115384615384615 0.0985576923076923
1 0.4519230769230769 0.7824519230769231 0.2091346153846154 0.15384615384615385
2 0.39903846153846156 0.546875 0.4807692307692308 0.3629807692307692