1 0.3954326923076923 0.5552884615384616 0.21394230769230768 0.18269230769230768
1 0.19471153846153846 0.6057692307692307 0.25 0.22115384615384615
1 0.4050480769230769 0.3918269230769231 0.22596153846153846 0.18269230769230768
1 0.7223557692307693 0.10697115384615384 0.22115384615384615 0.17307692307692307
1 0.9086538461538461 0.0733173076923077 0.1778846153846154 0.14423076923076922
1 0.9254807692307693 0.6610576923076923 0.14423076923076922 0.16826923076923078
1 0.7223557692307693 0.47596153846153844 0.21153846153846154 0.1875
1 0.09495192307692307 0.9266826923076923 0.18509615384615385 0.14182692307692307
1 0.6274038461538461 0.2608173076923077 0.2692307692307692 0.17307692307692307
1 0.11298076923076923 0.35697115384615385 0.22596153846153846 0.1778846153846154
1 0.2644230769230769 0.051682692307692304 0.2548076923076923 0.0985576923076923
1 0.4879807692307692 0.08173076923076923 0.25721153846153844 0.15865384615384615
1 0.4735576923076923 0.7415865384615384 0.25 0.19230769230769232
0 0.04326923076923077 0.5961538461538461 0.08173076923076923 0.08173076923076923
2 0.875 0.30649038461538464 0.24519230769230768 0.34615384615384615