2 0.7932692307692307 0.4735576923076923 0.24519230769230768 0.3004807692307692
0 0.26802884615384615 0.35697115384615385 0.09134615384615384 0.07451923076923077
1 0.5456730769230769 0.7043269230769231 0.19230769230769232 0.25
1 0.6225961538461539 0.8088942307692307 0.1346153846153846 0.20673076923076922
1 0.35697115384615385 0.609375 0.16346153846153846 0.1875
1 0.2403846153846154 0.6153846153846154 0.19951923076923078 0.20192307692307693
1 0.5649038461538461 0.47475961538461536 0.19951923076923078 0.23557692307692307
1 0.5985576923076923 0.3161057692307692 0.19951923076923078 0.23557692307692307
1 0.7103365384615384 0.19471153846153846 0.19951923076923078 0.23557692307692307
1 0.5168269230769231 0.10817307692307693 0.20192307692307693 0.21153846153846154
1 0.2956730769230769 0.11778846153846154 0.20192307692307693 0.23076923076923078
1 0.10697115384615384 0.6802884615384616 0.19471153846153846 0.18990384615384615
1 0.09375 0.7908653846153846 0.18509615384615385 0.20192307692307693
1 0.25841346153846156 0.890625 0.17307692307692307 0.21634615384615385
1 0.8173076923076923 0.8329326923076923 0.21394230769230768 0.2692307692307692
1 0.9110576923076923 0.7355769230769231 0.17307692307692307 0.25961538461538464
1 0.9459134615384616 0.5997596153846154 0.10336538461538461 0.2764423076923077
1 0.9519230769230769 0.4543269230769231 0.09134615384615384 0.27884615384615385
1 0.9555288461538461 0.3233173076923077 0.08413461538461539 0.2283653846153846
1 0.9555288461538461 0.22235576923076922 0.08413461538461539 0.2283653846153846
1 0.9314903846153846 0.12139423076923077 0.13221153846153846 0.23317307692307693
1 0.9326923076923077 0.04567307692307692 0.12980769230769232 0.08653846153846154
1 0.6213942307692307 0.9495192307692307 0.16105769230769232 0.09615384615384616
1 0.5120192307692307 0.9242788461538461 0.15384615384615385 0.1466346153846154