1 0.7512019230769231 0.46634615384615385 0.2403846153846154 0.24519230769230768
1 0.6634615384615384 0.7043269230769231 0.21153846153846154 0.27163461538461536
1 0.5384615384615384 0.8978365384615384 0.18028846153846154 0.20192307692307693
1 0.3713942307692308 0.796875 0.16826923076923078 0.2548076923076923
1 0.31009615384615385 0.609375 0.16826923076923078 0.2548076923076923
1 0.15264423076923078 0.7139423076923077 0.15865384615384615 0.25240384615384615
1 0.26322115384615385 0.3786057692307692 0.22115384615384615 0.20432692307692307
1 0.39663461538461536 0.21754807692307693 0.15384615384615385 0.22115384615384615
1 0.7139423076923077 0.17067307692307693 0.1778846153846154 0.1971153846153846
1 0.8028846153846154 0.9362980769230769 0.17307692307692307 0.12259615384615384
2 0.2247596153846154 0.11778846153846154 0.3870192307692308 0.23557692307692307