1 0.6899038461538461 0.9086538461538461 0.17307692307692307 0.1778846153846154
1 0.8497596153846154 0.8509615384615384 0.1778846153846154 0.21153846153846154
1 0.5084134615384616 0.7127403846153846 0.1971153846153846 0.25240384615384615
1 0.32572115384615385 0.9290865384615384 0.1658653846153846 0.13701923076923078
1 0.10216346153846154 0.4230769230769231 0.20192307692307693 0.23557692307692307
1 0.5625 0.109375 0.15144230769230768 0.21394230769230768
1 0.25240384615384615 0.796875 0.18509615384615385 0.22115384615384615
1 0.6430288461538461 0.5 0.18269230769230768 0.22115384615384615
1 0.8233173076923077 0.4254807692307692 0.18269230769230768 0.22115384615384615
1 0.3557692307692308 0.06610576923076923 0.21153846153846154 0.12740384615384615
1 0.0673076923076923 0.14783653846153846 0.12980769230769232 0.2091346153846154
2 0.39783653846153844 0.3112980769230769 0.3269230769230769 0.40384615384615385