2 0.6790865384615384 0.6478365384615384 0.22115384615384615 0.25240384615384615
0 0.7740384615384616 0.4735576923076923 0.08413461538461539 0.10576923076923077
1 0.15625 0.28125 0.18509615384615385 0.25240384615384615
1 0.28365384615384615 0.6586538461538461 0.13942307692307693 0.19951923076923078
1 0.06850961538461539 0.8401442307692307 0.13221153846153846 0.20192307692307693
1 0.3389423076923077 0.7944711538461539 0.20673076923076922 0.25240384615384615
1 0.5144230769230769 0.8317307692307693 0.20673076923076922 0.25240384615384615
1 0.34975961538461536 0.4543269230769231 0.18269230769230768 0.20192307692307693
1 0.3389423076923077 0.20673076923076922 0.17548076923076922 0.2644230769230769
1 0.6706730769230769 0.3233173076923077 0.16105769230769232 0.23557692307692307
1 0.8701923076923077 0.40625 0.16105769230769232 0.23557692307692307
1 0.9495192307692307 0.4074519230769231 0.09615384615384616 0.31971153846153844
1 0.5084134615384616 0.6129807692307693 0.16105769230769232 0.23557692307692307
1 0.5036057692307693 0.3737980769230769 0.16105769230769232 0.23557692307692307
1 0.5348557692307693 0.11658653846153846 0.21634615384615385 0.23076923076923078
1 0.7115384615384616 0.07572115384615384 0.16826923076923078 0.15144230769230768
1 0.18509615384615385 0.109375 0.23557692307692307 0.21875
1 0.9651442307692307 0.6286057692307693 0.06490384615384616 0.24759615384615385
1 0.8978365384615384 0.109375 0.1658653846153846 0.21875