1 0.375 0.7067307692307693 0.21153846153846154 0.16826923076923078
1 0.24759615384615385 0.7067307692307693 0.21153846153846154 0.16826923076923078
1 0.4987980769230769 0.9206730769230769 0.21394230769230768 0.15625
1 0.9098557692307693 0.5985576923076923 0.17548076923076922 0.17307692307692307
1 0.8125 0.1658653846153846 0.2403846153846154 0.1658653846153846
1 0.9014423076923077 0.7908653846153846 0.1875 0.16826923076923078
1 0.5841346153846154 0.7740384615384616 0.23317307692307693 0.16826923076923078
1 0.5492788461538461 0.4675480769230769 0.21153846153846154 0.16826923076923078
1 0.6538461538461539 0.054086538461538464 0.22115384615384615 0.10817307692307693
1 0.11538461538461539 0.5444711538461539 0.21634615384615385 0.16346153846153846
1 0.7055288461538461 0.5877403846153846 0.21634615384615385 0.16346153846153846
2 0.1935096153846154 0.25841346153846156 0.2980769230769231 0.2644230769230769
0 0.7548076923076923 0.2860576923076923 0.07692307692307693 0.057692307692307696
0 0.10817307692307693 0.9699519230769231 0.09134615384615384 0.057692307692307696