1 0.734375 0.11538461538461539 0.21394230769230768 0.1658653846153846
1 0.34134615384615385 0.421875 0.18269230769230768 0.1346153846153846
1 0.40024038461538464 0.8834134615384616 0.20432692307692307 0.1658653846153846
1 0.20793269230769232 0.2668269230769231 0.20432692307692307 0.1658653846153846
1 0.6370192307692307 0.8413461538461539 0.2403846153846154 0.16826923076923078
1 0.8485576923076923 0.9447115384615384 0.18509615384615385 0.10817307692307693
1 0.9326923076923077 0.8269230769230769 0.12980769230769232 0.15865384615384615
1 0.9639423076923077 0.5661057692307693 0.0673076923076923 0.16826923076923078
1 0.9711538461538461 0.3425480769230769 0.052884615384615384 0.16346153846153846
1 0.21634615384615385 0.06971153846153846 0.18269230769230768 0.1346153846153846
2 0.6862980769230769 0.44350961538461536 0.32211538461538464 0.25
1 0.7367788461538461 0.25961538461538464 0.22115384615384615 0.1346153846153846
1 0.5649038461538461 0.2403846153846154 0.22115384615384615 0.1346153846153846
1 0.4423076923076923 0.6430288461538461 0.2403846153846154 0.14423076923076922
1 0.3173076923076923 0.5336538461538461 0.20432692307692307 0.1466346153846154