1 0.20072115384615385 0.49278846153846156 0.1875 0.21875
1 0.28966346153846156 0.5865384615384616 0.1875 0.21634615384615385
1 0.3557692307692308 0.14182692307692307 0.18990384615384615 0.21634615384615385
1 0.10697115384615384 0.23677884615384615 0.1971153846153846 0.25
1 0.1935096153846154 0.21754807692307693 0.16826923076923078 0.23076923076923078
1 0.6730769230769231 0.42908653846153844 0.1875 0.21634615384615385
1 0.5012019230769231 0.8485576923076923 0.18990384615384615 0.21634615384615385
1 0.09134615384615384 0.734375 0.1778846153846154 0.22115384615384615
1 0.5829326923076923 0.12259615384615384 0.18990384615384615 0.21634615384615385
1 0.9146634615384616 0.15264423076923078 0.16826923076923078 0.22115384615384615
1 0.9146634615384616 0.7439903846153846 0.1658653846153846 0.22355769230769232
1 0.7620192307692307 0.6754807692307693 0.1875 0.21875
1 0.8882211538461539 0.8954326923076923 0.13942307692307693 0.20432692307692307
1 0.8545673076923077 0.375 0.2403846153846154 0.2668269230769231
1 0.3125 0.9206730769230769 0.16346153846153846 0.15384615384615385
2 0.7247596153846154 0.890625 0.19471153846153846 0.21153846153846154
0 0.42908653846153844 0.16706730769230768 0.057692307692307696 0.0673076923076923