1 0.5913461538461539 0.6225961538461539 0.16346153846153846 0.23076923076923078
1 0.3329326923076923 0.7055288461538461 0.16346153846153846 0.23076923076923078
1 0.4170673076923077 0.7079326923076923 0.16346153846153846 0.23076923076923078
1 0.453125 0.8942307692307693 0.1778846153846154 0.20673076923076922
1 0.18389423076923078 0.8461538461538461 0.17548076923076922 0.22355769230769232
1 0.06850961538461539 0.8653846153846154 0.13221153846153846 0.22596153846153846
1 0.6310096153846154 0.9362980769230769 0.16346153846153846 0.125
1 0.6935096153846154 0.921875 0.16346153846153846 0.15144230769230768
1 0.7331730769230769 0.8810096153846154 0.16346153846153846 0.18509615384615385
1 0.8028846153846154 0.8329326923076923 0.16346153846153846 0.18509615384615385
1 0.8425480769230769 0.7884615384615384 0.16346153846153846 0.18509615384615385
1 0.8762019230769231 0.7548076923076923 0.16346153846153846 0.18509615384615385
1 0.7788461538461539 0.5228365384615384 0.16346153846153846 0.18509615384615385
1 0.8341346153846154 0.5408653846153846 0.16346153846153846 0.18509615384615385
1 0.8954326923076923 0.5697115384615384 0.16346153846153846 0.18509615384615385
1 0.7019230769230769 0.296875 0.16826923076923078 0.23557692307692307
1 0.06610576923076923 0.3401442307692308 0.12740384615384615 0.24278846153846154
1 0.17908653846153846 0.25 0.17067307692307693 0.23557692307692307
1 0.3425480769230769 0.3004807692307692 0.14423076923076922 0.18269230769230768
1 0.6105769230769231 0.0985576923076923 0.14423076923076922 0.18269230769230768
1 0.9471153846153846 0.38341346153846156 0.10096153846153846 0.18509615384615385
2 0.8930288461538461 0.16466346153846154 0.2091346153846154 0.27884615384615385
1 0.42908653846153844 0.5060096153846154 0.16346153846153846 0.23076923076923078
1 0.3137019230769231 0.18629807692307693 0.16346153846153846 0.23076923076923078
0 0.2776442307692308 0.038461538461538464 0.052884615384615384 0.0625