1 0.3293269230769231 0.5 0.15625 0.21153846153846154
1 0.6298076923076923 0.5432692307692307 0.15625 0.21153846153846154
1 0.7199519230769231 0.578125 0.15625 0.21153846153846154
1 0.6478365384615384 0.8209134615384616 0.17548076923076922 0.2403846153846154
1 0.44711538461538464 0.6682692307692307 0.17548076923076922 0.2403846153846154
1 0.3125 0.8737980769230769 0.16826923076923078 0.2091346153846154
1 0.14903846153846154 0.9254807692307693 0.19230769230769232 0.14423076923076922
1 0.27283653846153844 0.15144230769230768 0.20192307692307693 0.28365384615384615
1 0.06610576923076923 0.6947115384615384 0.13221153846153846 0.21634615384615385
1 0.8762019230769231 0.4423076923076923 0.15625 0.21153846153846154
1 0.5637019230769231 0.9134615384615384 0.14423076923076922 0.16826923076923078
1 0.140625 0.5649038461538461 0.16826923076923078 0.18509615384615385
1 0.08052884615384616 0.35096153846153844 0.16105769230769232 0.20192307692307693
1 0.11177884615384616 0.0673076923076923 0.17307692307692307 0.1346153846153846
2 0.46875 0.2776442307692308 0.2692307692307692 0.28365384615384615