1 0.3245192307692308 0.28125 0.19471153846153846 0.27884615384615385
1 0.5396634615384616 0.2512019230769231 0.1778846153846154 0.1875
1 0.171875 0.5060096153846154 0.17307692307692307 0.3269230769230769
1 0.34615384615384615 0.7079326923076923 0.16826923076923078 0.2283653846153846
1 0.8353365384615384 0.0889423076923077 0.1875 0.1778846153846154
1 0.2548076923076923 0.9519230769230769 0.125 0.09134615384615384
1 0.6153846153846154 0.8858173076923077 0.22115384615384615 0.22596153846153846
1 0.46033653846153844 0.8521634615384616 0.1466346153846154 0.21153846153846154
1 0.9459134615384616 0.4362980769230769 0.10336538461538461 0.25240384615384615
1 0.13701923076923078 0.1658653846153846 0.16826923076923078 0.24519230769230768
1 0.06129807692307692 0.9326923076923077 0.11778846153846154 0.12980769230769232
2 0.5841346153846154 0.5564903846153846 0.3317307692307692 0.3894230769230769
1 0.8088942307692307 0.5288461538461539 0.1778846153846154 0.1875
1 0.7271634615384616 0.7920673076923077 0.21153846153846154 0.24278846153846154