1 0.8305288461538461 0.7884615384615384 0.16826923076923078 0.22355769230769232
1 0.7259615384615384 0.6646634615384616 0.1778846153846154 0.2403846153846154
1 0.5564903846153846 0.7463942307692307 0.19230769230769232 0.23557692307692307
1 0.5576923076923077 0.90625 0.19230769230769232 0.18269230769230768
1 0.35216346153846156 0.8449519230769231 0.19471153846153846 0.2403846153846154
1 0.19831730769230768 0.49038461538461536 0.19471153846153846 0.24278846153846154
1 0.39663461538461536 0.5949519230769231 0.20673076923076922 0.25961538461538464
1 0.9074519230769231 0.49038461538461536 0.18269230769230768 0.22355769230769232
1 0.8774038461538461 0.2668269230769231 0.18269230769230768 0.21634615384615385
1 0.8329326923076923 0.0829326923076923 0.18028846153846154 0.16105769230769232
1 0.2860576923076923 0.28966346153846156 0.15144230769230768 0.19951923076923078
1 0.18509615384615385 0.2704326923076923 0.15144230769230768 0.19951923076923078
1 0.0733173076923077 0.09254807692307693 0.14182692307692307 0.18028846153846154
1 0.22115384615384615 0.0889423076923077 0.15865384615384615 0.17307692307692307
1 0.08533653846153846 0.8173076923076923 0.16826923076923078 0.24759615384615385
1 0.23317307692307693 0.7391826923076923 0.2091346153846154 0.25961538461538464
2 0.5961538461538461 0.20793269230769232 0.4206730769230769 0.40384615384615385