1 0.9098557692307693 0.1466346153846154 0.17307692307692307 0.22115384615384615
1 0.7632211538461539 0.18269230769230768 0.17307692307692307 0.22115384615384615
1 0.2776442307692308 0.13822115384615385 0.1466346153846154 0.21875
1 0.578125 0.29086538461538464 0.1875 0.2548076923076923
1 0.65625 0.4675480769230769 0.1875 0.2548076923076923
1 0.6995192307692307 0.8822115384615384 0.1778846153846154 0.23076923076923078
1 0.8197115384615384 0.484375 0.15625 0.20432692307692307
1 0.15625 0.6947115384615384 0.16826923076923078 0.23317307692307693
1 0.18389423076923078 0.2920673076923077 0.19230769230769232 0.21153846153846154
1 0.4050480769230769 0.32091346153846156 0.16346153846153846 0.19951923076923078
1 0.421875 0.09975961538461539 0.16826923076923078 0.1971153846153846
1 0.2608173076923077 0.8353365384615384 0.16346153846153846 0.23317307692307693
1 0.3786057692307692 0.9050480769230769 0.15865384615384615 0.1875
0 0.8389423076923077 0.6502403846153846 0.052884615384615384 0.09615384615384616
0 0.7127403846153846 0.6574519230769231 0.08653846153846154 0.11057692307692307
0 0.20673076923076922 0.5240384615384616 0.06490384615384616 0.09615384615384616
0 0.20793269230769232 0.6045673076923077 0.06009615384615385 0.07211538461538461
2 0.4543269230769231 0.6646634615384616 0.3317307692307692 0.40865384615384615