1 0.19110576923076922 0.6069711538461539 0.20432692307692307 0.16346153846153846
1 0.11658653846153846 0.9314903846153846 0.21394230769230768 0.13221153846153846
1 0.6790865384615384 0.4567307692307692 0.16826923076923078 0.23557692307692307
1 0.3918269230769231 0.6418269230769231 0.16826923076923078 0.1971153846153846
1 0.8581730769230769 0.5336538461538461 0.1875 0.18990384615384615
1 0.8798076923076923 0.8197115384615384 0.21634615384615385 0.16346153846153846
1 0.3605769230769231 0.43990384615384615 0.22355769230769232 0.16826923076923078
1 0.4326923076923077 0.28846153846153844 0.21153846153846154 0.18269230769230768
1 0.25240384615384615 0.24879807692307693 0.21634615384615385 0.19230769230769232
1 0.6682692307692307 0.09134615384615384 0.23557692307692307 0.17548076923076922
1 0.4951923076923077 0.10216346153846154 0.23557692307692307 0.14423076923076922
1 0.07091346153846154 0.40384615384615385 0.13701923076923078 0.15865384615384615
0 0.1045673076923077 0.15625 0.08653846153846154 0.07211538461538461
0 0.3389423076923077 0.019230769230769232 0.06490384615384616 0.036057692307692304
2 0.5985576923076923 0.8665865384615384 0.4230769230769231 0.2620192307692308
0 0.9435096153846154 0.9699519230769231 0.0625 0.057692307692307696