2 0.5612980769230769 0.26802884615384615 0.3004807692307692 0.27163461538461536
1 0.25600961538461536 0.46634615384615385 0.25 0.20673076923076922
1 0.4110576923076923 0.109375 0.2091346153846154 0.15384615384615385
1 0.2247596153846154 0.09975961538461539 0.23317307692307693 0.19471153846153846
1 0.8209134615384616 0.3629807692307692 0.22596153846153846 0.16826923076923078
1 0.8473557692307693 0.23798076923076922 0.22596153846153846 0.16826923076923078
1 0.84375 0.17548076923076922 0.22596153846153846 0.16826923076923078
1 0.8449519230769231 0.07451923076923077 0.22596153846153846 0.14903846153846154
1 0.7391826923076923 0.5540865384615384 0.22596153846153846 0.16826923076923078
1 0.7283653846153846 0.7319711538461539 0.22596153846153846 0.16826923076923078
1 0.49038461538461536 0.8461538461538461 0.22596153846153846 0.16826923076923078
1 0.09495192307692307 0.8401442307692307 0.1875 0.19230769230769232
1 0.07692307692307693 0.6478365384615384 0.15384615384615385 0.19471153846153846
1 0.07692307692307693 0.23557692307692307 0.15384615384615385 0.19471153846153846
1 0.21634615384615385 0.26802884615384615 0.21153846153846154 0.19230769230769232
0 0.040865384615384616 0.016826923076923076 0.08173076923076923 0.028846153846153848
0 0.625 0.8954326923076923 0.0673076923076923 0.06009615384615385
1 0.44471153846153844 0.6862980769230769 0.25 0.20673076923076922
1 0.9038461538461539 0.8377403846153846 0.1875 0.1466346153846154