2 0.6911057692307693 0.5745192307692307 0.27884615384615385 0.36538461538461536
0 0.8413461538461539 0.41947115384615385 0.0673076923076923 0.07932692307692307
0 0.8798076923076923 0.46033653846153844 0.0673076923076923 0.07932692307692307
0 0.4495192307692308 0.026442307692307692 0.0673076923076923 0.052884615384615384
1 0.7920673076923077 0.8605769230769231 0.1971153846153846 0.21875
1 0.1201923076923077 0.11658653846153846 0.20673076923076922 0.23317307692307693
1 0.35096153846153844 0.8329326923076923 0.1971153846153846 0.2932692307692308
1 0.203125 0.7487980769230769 0.1875 0.15865384615384615
1 0.46033653846153844 0.30528846153846156 0.18028846153846154 0.19230769230769232
1 0.5889423076923077 0.24519230769230768 0.18028846153846154 0.19230769230769232
1 0.5949519230769231 0.8329326923076923 0.18028846153846154 0.19230769230769232
1 0.515625 0.7367788461538461 0.18990384615384615 0.22596153846153846
1 0.07091346153846154 0.8858173076923077 0.13942307692307693 0.22355769230769232
1 0.1346153846153846 0.5745192307692307 0.21634615384615385 0.22355769230769232
1 0.11538461538461539 0.4206730769230769 0.1875 0.18509615384615385
1 0.3245192307692308 0.3894230769230769 0.1875 0.19951923076923078
1 0.7415865384615384 0.34615384615384615 0.20432692307692307 0.20432692307692307
1 0.8894230769230769 0.21394230769230768 0.20432692307692307 0.20432692307692307