1 0.3125 0.4807692307692308 0.23798076923076922 0.1875
1 0.2860576923076923 0.8425480769230769 0.23798076923076922 0.1875
1 0.17307692307692307 0.2536057692307692 0.28365384615384615 0.17307692307692307
1 0.24519230769230768 0.06971153846153846 0.28846153846153844 0.1346153846153846
1 0.5084134615384616 0.15384615384615385 0.28365384615384615 0.17307692307692307
1 0.8293269230769231 0.16706730769230768 0.28365384615384615 0.17307692307692307
1 0.859375 0.24278846153846154 0.27884615384615385 0.17548076923076922
1 0.44350961538461536 0.5889423076923077 0.23798076923076922 0.16346153846153846
1 0.45913461538461536 0.3137019230769231 0.23798076923076922 0.16346153846153846
1 0.20072115384615385 0.9302884615384616 0.24278846153846154 0.1346153846153846
1 0.0673076923076923 0.38822115384615385 0.1346153846153846 0.20432692307692307
1 0.04807692307692308 0.6526442307692307 0.09615384615384616 0.21634615384615385
1 0.4206730769230769 0.6694711538461539 0.23317307692307693 0.14423076923076922
1 0.47836538461538464 0.7259615384615384 0.23317307692307693 0.14423076923076922
1 0.5228365384615384 0.7860576923076923 0.23317307692307693 0.14423076923076922
1 0.5673076923076923 0.9086538461538461 0.23317307692307693 0.14423076923076922
0 0.12139423076923077 0.7163461538461539 0.07692307692307693 0.0625
0 0.8689903846153846 0.9771634615384616 0.08413461538461539 0.040865384615384616
0 0.6538461538461539 0.7920673076923077 0.07692307692307693 0.0625
2 0.7872596153846154 0.4699519230769231 0.4182692307692308 0.35336538461538464
1 0.7391826923076923 0.7079326923076923 0.27884615384615385 0.14182692307692307
1 0.078125 0.8317307692307693 0.15384615384615385 0.1875