1 0.23798076923076922 0.5348557692307693 0.19951923076923078 0.24519230769230768
1 0.546875 0.8677884615384616 0.1778846153846154 0.18269230769230768
1 0.8557692307692307 0.0985576923076923 0.18269230769230768 0.19230769230769232
1 0.7163461538461539 0.5901442307692307 0.1778846153846154 0.21153846153846154
1 0.32211538461538464 0.3473557692307692 0.1778846153846154 0.21153846153846154
1 0.9122596153846154 0.3954326923076923 0.17067307692307693 0.23798076923076922
1 0.5180288461538461 0.3473557692307692 0.1778846153846154 0.21153846153846154
1 0.07932692307692307 0.20552884615384615 0.15384615384615385 0.21153846153846154
1 0.2512019230769231 0.07451923076923077 0.15384615384615385 0.14903846153846154
1 0.9254807692307693 0.7235576923076923 0.14423076923076922 0.20192307692307693
2 0.49158653846153844 0.6165865384615384 0.20432692307692307 0.3125
0 0.8822115384615384 0.8389423076923077 0.04326923076923077 0.06009615384615385
0 0.8569711538461539 0.9483173076923077 0.04326923076923077 0.08653846153846154