1 0.3798076923076923 0.8665865384615384 0.2548076923076923 0.15865384615384615
1 0.78125 0.8473557692307693 0.2548076923076923 0.15865384615384615
1 0.33052884615384615 0.6983173076923077 0.2548076923076923 0.15865384615384615
1 0.234375 0.19951923076923078 0.25240384615384615 0.1778846153846154
1 0.6045673076923077 0.6069711538461539 0.2403846153846154 0.16826923076923078
1 0.8076923076923077 0.5949519230769231 0.18990384615384615 0.17307692307692307
1 0.41586538461538464 0.08052884615384616 0.20192307692307693 0.15865384615384615
1 0.109375 0.5649038461538461 0.21634615384615385 0.18509615384615385
1 0.09134615384615384 0.7175480769230769 0.1778846153846154 0.16105769230769232
1 0.6502403846153846 0.3798076923076923 0.20432692307692307 0.20432692307692307
1 0.921875 0.45552884615384615 0.15144230769230768 0.18028846153846154
2 0.3557692307692308 0.43028846153846156 0.43990384615384615 0.37259615384615385
0 0.2704326923076923 0.07692307692307693 0.08413461538461539 0.052884615384615384