1 0.43149038461538464 0.24759615384615385 0.1971153846153846 0.22596153846153846
1 0.6033653846153846 0.18509615384615385 0.15144230769230768 0.21153846153846154
1 0.6274038461538461 0.40865384615384615 0.15144230769230768 0.21153846153846154
1 0.7415865384615384 0.59375 0.15144230769230768 0.21153846153846154
1 0.33413461538461536 0.3125 0.1346153846153846 0.1778846153846154
1 0.8040865384615384 0.9098557692307693 0.1658653846153846 0.17307692307692307
1 0.5 0.90625 0.19230769230769232 0.18269230769230768
1 0.09014423076923077 0.90625 0.1778846153846154 0.18269230769230768
1 0.8930288461538461 0.1778846153846154 0.19230769230769232 0.21875
1 0.7115384615384616 0.0673076923076923 0.22115384615384615 0.1346153846153846
1 0.9435096153846154 0.8221153846153846 0.11057692307692307 0.2283653846153846
1 0.9615384615384616 0.5480769230769231 0.07211538461538461 0.2932692307692308
1 0.13581730769230768 0.2776442307692308 0.18990384615384615 0.27163461538461536
1 0.10817307692307693 0.7067307692307693 0.18990384615384615 0.27163461538461536
2 0.2704326923076923 0.6177884615384616 0.21153846153846154 0.2980769230769231
0 0.5012019230769231 0.42908653846153844 0.07211538461538461 0.0889423076923077
0 0.41346153846153844 0.5709134615384616 0.07211538461538461 0.0889423076923077
1 0.8293269230769231 0.5721153846153846 0.10817307692307693 0.1875