1 0.08774038461538461 0.42788461538461536 0.17067307692307693 0.14423076923076922
1 0.1346153846153846 0.7620192307692307 0.21634615384615385 0.1658653846153846
1 0.18629807692307693 0.9423076923076923 0.22355769230769232 0.11057692307692307
1 0.33533653846153844 0.8413461538461539 0.21634615384615385 0.1658653846153846
1 0.9266826923076923 0.9206730769230769 0.14182692307692307 0.15384615384615385
1 0.9026442307692307 0.6923076923076923 0.19230769230769232 0.1971153846153846
1 0.8954326923076923 0.4951923076923077 0.20432692307692307 0.16826923076923078
1 0.9495192307692307 0.08653846153846154 0.09615384615384616 0.17307692307692307
1 0.6995192307692307 0.08653846153846154 0.23557692307692307 0.16826923076923078
1 0.11298076923076923 0.07692307692307693 0.22115384615384615 0.14903846153846154
1 0.30288461538461536 0.36177884615384615 0.25 0.20673076923076922
1 0.5012019230769231 0.453125 0.25 0.20673076923076922
1 0.5853365384615384 0.9074519230769231 0.2091346153846154 0.18028846153846154
1 0.38100961538461536 0.6298076923076923 0.24759615384615385 0.20432692307692307
2 0.7427884615384616 0.32572115384615385 0.4375 0.3581730769230769