1 0.08774038461538461 0.8209134615384616 0.17307692307692307 0.2692307692307692
1 0.040865384615384616 0.6622596153846154 0.07932692307692307 0.21634615384615385
1 0.09134615384615384 0.4651442307692308 0.18028846153846154 0.25961538461538464
1 0.7283653846153846 0.5048076923076923 0.16826923076923078 0.23557692307692307
1 0.4170673076923077 0.8425480769230769 0.14182692307692307 0.2403846153846154
1 0.34615384615384615 0.8449519230769231 0.17067307692307693 0.23557692307692307
1 0.8064903846153846 0.12980769230769232 0.19951923076923078 0.2548076923076923
1 0.15144230769230768 0.052884615384615384 0.1971153846153846 0.10096153846153846
1 0.8197115384615384 0.8689903846153846 0.16826923076923078 0.23557692307692307
1 0.7139423076923077 0.7944711538461539 0.15384615384615385 0.18269230769230768
1 0.359375 0.6033653846153846 0.1658653846153846 0.22596153846153846
2 0.5552884615384616 0.2932692307692308 0.33413461538461536 0.45913461538461536
0 0.11538461538461539 0.2512019230769231 0.055288461538461536 0.09134615384615384