1 0.21995192307692307 0.7379807692307693 0.17307692307692307 0.22115384615384615
1 0.3088942307692308 0.12139423076923077 0.18990384615384615 0.2403846153846154
1 0.47475961538461536 0.09375 0.18990384615384615 0.1875
1 0.6995192307692307 0.08653846153846154 0.19471153846153846 0.17307692307692307
1 0.08052884615384616 0.46153846153846156 0.16105769230769232 0.1971153846153846
1 0.6682692307692307 0.7824519230769231 0.16826923076923078 0.22596153846153846
1 0.5060096153846154 0.8329326923076923 0.16826923076923078 0.22596153846153846
1 0.09254807692307693 0.9423076923076923 0.15144230769230768 0.11057692307692307
1 0.38221153846153844 0.5 0.22115384615384615 0.28365384615384615
1 0.6177884615384616 0.9435096153846154 0.16826923076923078 0.10817307692307693
1 0.734375 0.9435096153846154 0.16826923076923078 0.10817307692307693
1 0.7932692307692307 0.6009615384615384 0.1658653846153846 0.19230769230769232
1 0.9014423076923077 0.078125 0.19230769230769232 0.15625
2 0.5805288461538461 0.3641826923076923 0.3918269230769231 0.3798076923076923
0 0.20793269230769232 0.06850961538461539 0.057692307692307696 0.08653846153846154