2 0.7247596153846154 0.6490384615384616 0.25721153846153844 0.20192307692307693
1 0.32211538461538464 0.5432692307692307 0.22355769230769232 0.17548076923076922
1 0.7644230769230769 0.45552884615384615 0.22355769230769232 0.17548076923076922
1 0.38341346153846156 0.3629807692307692 0.19951923076923078 0.14423076923076922
1 0.28966346153846156 0.20432692307692307 0.19951923076923078 0.14423076923076922
1 0.2536057692307692 0.2620192307692308 0.19951923076923078 0.14423076923076922
1 0.125 0.37259615384615385 0.23076923076923078 0.19951923076923078
1 0.453125 0.6069711538461539 0.1875 0.15625
1 0.20793269230769232 0.7632211538461539 0.24278846153846154 0.20673076923076922
1 0.9086538461538461 0.8329326923076923 0.1778846153846154 0.18028846153846154
1 0.8978365384615384 0.6466346153846154 0.17067307692307693 0.15865384615384615
1 0.9122596153846154 0.265625 0.17307692307692307 0.1778846153846154
1 0.6322115384615384 0.0889423076923077 0.19230769230769232 0.17548076923076922
1 0.5024038461538461 0.08653846153846154 0.19230769230769232 0.16826923076923078
1 0.38461538461538464 0.06610576923076923 0.20673076923076922 0.12980769230769232
1 0.6995192307692307 0.1875 0.20673076923076922 0.14903846153846154
1 0.7752403846153846 0.27163461538461536 0.20673076923076922 0.14903846153846154
1 0.6286057692307693 0.25600961538461536 0.20673076923076922 0.14903846153846154
1 0.5745192307692307 0.25600961538461536 0.21153846153846154 0.1658653846153846
1 0.5697115384615384 0.2956730769230769 0.21153846153846154 0.1658653846153846
1 0.5228365384615384 0.3605769230769231 0.21153846153846154 0.1658653846153846
1 0.40024038461538464 0.8257211538461539 0.22115384615384615 0.19471153846153846
1 0.07572115384615384 0.17668269230769232 0.1466346153846154 0.20192307692307693
1 0.1201923076923077 0.9278846153846154 0.2403846153846154 0.13942307692307693
0 0.7451923076923077 0.8100961538461539 0.09615384615384616 0.0625