1 0.7956730769230769 0.49158653846153844 0.1875 0.21634615384615385
1 0.7091346153846154 0.5841346153846154 0.1875 0.21634615384615385
1 0.6430288461538461 0.14302884615384615 0.1875 0.21634615384615385
1 0.8894230769230769 0.23677884615384615 0.19471153846153846 0.25
1 0.8040865384615384 0.21754807692307693 0.16826923076923078 0.23076923076923078
1 0.3293269230769231 0.42788461538461536 0.1875 0.21634615384615385
1 0.4987980769230769 0.84375 0.1875 0.21634615384615385
1 0.9074519230769231 0.7307692307692307 0.18269230769230768 0.21634615384615385
1 0.4182692307692308 0.12379807692307693 0.1875 0.21634615384615385
1 0.08774038461538461 0.15264423076923078 0.17067307692307693 0.21875
1 0.08533653846153846 0.7391826923076923 0.17067307692307693 0.21634615384615385
1 0.2403846153846154 0.671875 0.1875 0.21634615384615385
1 0.11538461538461539 0.8930288461538461 0.13942307692307693 0.2091346153846154
1 0.14903846153846154 0.375 0.23798076923076922 0.2644230769230769
1 0.6850961538461539 0.9182692307692307 0.15865384615384615 0.15865384615384615
2 0.2776442307692308 0.8882211538461539 0.19471153846153846 0.21634615384615385
0 0.5697115384615384 0.16706730769230768 0.057692307692307696 0.0673076923076923