1 0.5444711538461539 0.4074519230769231 0.17548076923076922 0.2283653846153846
1 0.18509615384615385 0.8161057692307693 0.15384615384615385 0.2091346153846154
1 0.07572115384615384 0.4879807692307692 0.14903846153846154 0.2283653846153846
1 0.9122596153846154 0.7007211538461539 0.16826923076923078 0.23798076923076922
1 0.32211538461538464 0.3762019230769231 0.16826923076923078 0.23798076923076922
1 0.8521634615384616 0.46153846153846156 0.16826923076923078 0.23798076923076922
1 0.46634615384615385 0.9098557692307693 0.1778846153846154 0.17548076923076922
1 0.6947115384615384 0.3112980769230769 0.17307692307692307 0.19230769230769232
1 0.4098557692307692 0.07932692307692307 0.18269230769230768 0.15384615384615385
1 0.6069711538461539 0.051682692307692304 0.22115384615384615 0.09615384615384616
1 0.8389423076923077 0.10336538461538461 0.1778846153846154 0.20192307692307693
2 0.6754807692307693 0.7175480769230769 0.3605769230769231 0.44471153846153844
2 0.39663461538461536 0.6286057692307693 0.25721153846153844 0.31971153846153844
0 0.014423076923076924 0.12379807692307693 0.026442307692307692 0.07211538461538461