1 0.4987980769230769 0.25841346153846156 0.2091346153846154 0.23076923076923078
1 0.6634615384615384 0.7752403846153846 0.1875 0.24278846153846154
1 0.49278846153846156 0.5480769230769231 0.15384615384615385 0.25
1 0.18509615384615385 0.2920673076923077 0.18028846153846154 0.23557692307692307
1 0.34375 0.48677884615384615 0.16105769230769232 0.2403846153846154
1 0.8221153846153846 0.1346153846153846 0.16105769230769232 0.2403846153846154
1 0.9567307692307693 0.6826923076923077 0.08173076923076923 0.2980769230769231
1 0.06850961538461539 0.49278846153846156 0.1346153846153846 0.2644230769230769
1 0.4254807692307692 0.7572115384615384 0.14423076923076922 0.21153846153846154
1 0.8677884615384616 0.9507211538461539 0.19230769230769232 0.09615384615384616
2 0.2127403846153846 0.8112980769230769 0.3918269230769231 0.375