2 0.38341346153846156 0.8677884615384616 0.2668269230769231 0.25961538461538464
1 0.7860576923076923 0.6995192307692307 0.1658653846153846 0.25240384615384615
1 0.5024038461538461 0.6454326923076923 0.1658653846153846 0.25240384615384615
1 0.6117788461538461 0.484375 0.14903846153846154 0.3076923076923077
1 0.7608173076923077 0.47716346153846156 0.15384615384615385 0.2403846153846154
1 0.30528846153846156 0.6454326923076923 0.15384615384615385 0.2403846153846154
1 0.3293269230769231 0.359375 0.15384615384615385 0.2403846153846154
1 0.4206730769230769 0.125 0.17067307692307693 0.24519230769230768
1 0.8786057692307693 0.22355769230769232 0.1875 0.2548076923076923
1 0.12379807692307693 0.9026442307692307 0.17307692307692307 0.19230769230769232
1 0.040865384615384616 0.59375 0.07932692307692307 0.22596153846153846
1 0.04807692307692308 0.3245192307692308 0.09134615384615384 0.2980769230769231
1 0.140625 0.20673076923076922 0.15144230769230768 0.22115384615384615
1 0.27403846153846156 0.16466346153846154 0.18990384615384615 0.2644230769230769
1 0.9146634615384616 0.3942307692307692 0.1346153846153846 0.23557692307692307
1 0.14903846153846154 0.46875 0.1658653846153846 0.25240384615384615