1 0.5564903846153846 0.4387019230769231 0.22596153846153846 0.17307692307692307
1 0.15144230769230768 0.7932692307692307 0.20673076923076922 0.15144230769230768
1 0.47596153846153844 0.9110576923076923 0.22596153846153846 0.16346153846153846
1 0.2668269230769231 0.07932692307692307 0.23798076923076922 0.15865384615384615
1 0.5865384615384616 0.6574519230769231 0.23557692307692307 0.16826923076923078
1 0.5036057692307693 0.13341346153846154 0.23557692307692307 0.16826923076923078
1 0.07451923076923077 0.5168269230769231 0.14423076923076922 0.1778846153846154
1 0.6514423076923077 0.28846153846153844 0.18990384615384615 0.17307692307692307
1 0.9014423076923077 0.5709134615384616 0.19230769230769232 0.18269230769230768
1 0.9290865384615384 0.375 0.13701923076923078 0.22115384615384615
1 0.8774038461538461 0.1466346153846154 0.2403846153846154 0.1778846153846154
2 0.24879807692307693 0.3076923076923077 0.4423076923076923 0.3581730769230769
2 0.33653846153846156 0.5841346153846154 0.3173076923076923 0.2548076923076923
0 0.8377403846153846 0.9735576923076923 0.07211538461538461 0.05048076923076923