2 0.4182692307692308 0.21514423076923078 0.6009615384615384 0.36538461538461536
1 0.22115384615384615 0.7956730769230769 0.20673076923076922 0.21153846153846154
1 0.5120192307692307 0.6574519230769231 0.18269230769230768 0.15144230769230768
1 0.4675480769230769 0.5516826923076923 0.18269230769230768 0.15144230769230768
1 0.24278846153846154 0.42908653846153844 0.3173076923076923 0.15384615384615385
1 0.23798076923076922 0.5637019230769231 0.20192307692307693 0.14903846153846154
1 0.10096153846153846 0.515625 0.1971153846153846 0.15144230769230768
1 0.6875 0.7932692307692307 0.23076923076923078 0.18990384615384615
1 0.9002403846153846 0.7848557692307693 0.19471153846153846 0.19471153846153846
1 0.6862980769230769 0.4254807692307692 0.19230769230769232 0.18269230769230768
1 0.6959134615384616 0.5733173076923077 0.2644230769230769 0.21634615384615385
1 0.7199519230769231 0.10697115384615384 0.2548076923076923 0.1971153846153846
1 0.9014423076923077 0.09134615384615384 0.19230769230769232 0.1778846153846154
1 0.9326923076923077 0.5324519230769231 0.12980769230769232 0.17548076923076922
1 0.859375 0.3449519230769231 0.2403846153846154 0.21153846153846154
0 0.0985576923076923 0.7391826923076923 0.07211538461538461 0.06490384615384616
1 0.5889423076923077 0.8257211538461539 0.18269230769230768 0.15144230769230768
1 0.09134615384615384 0.2848557692307692 0.1778846153846154 0.15384615384615385