1 0.27884615384615385 0.7896634615384616 0.25961538461538464 0.16105769230769232
1 0.28365384615384615 0.5024038461538461 0.25961538461538464 0.15865384615384615
1 0.12740384615384615 0.3786057692307692 0.23317307692307693 0.21634615384615385
1 0.12740384615384615 0.2091346153846154 0.20192307692307693 0.16826923076923078
1 0.3137019230769231 0.13581730769230768 0.20192307692307693 0.16826923076923078
1 0.3317307692307692 0.28846153846153844 0.20192307692307693 0.16826923076923078
1 0.5264423076923077 0.1971153846153846 0.23317307692307693 0.17307692307692307
1 0.8822115384615384 0.28725961538461536 0.23076923076923078 0.17307692307692307
1 0.5408653846153846 0.3629807692307692 0.23317307692307693 0.17307692307692307
1 0.9134615384615384 0.7103365384615384 0.16826923076923078 0.27163461538461536
2 0.6069711538461539 0.6538461538461539 0.4807692307692308 0.32211538461538464