1 0.6754807692307693 0.7235576923076923 0.22596153846153846 0.23076923076923078
1 0.53125 0.7019230769230769 0.21634615384615385 0.19230769230769232
1 0.6237980769230769 0.234375 0.2283653846153846 0.20673076923076922
1 0.125 0.2668269230769231 0.22115384615384615 0.17307692307692307
1 0.07692307692307693 0.31009615384615385 0.14903846153846154 0.15865384615384615
1 0.3641826923076923 0.08653846153846154 0.2668269230769231 0.16826923076923078
1 0.21995192307692307 0.5661057692307693 0.25961538461538464 0.18269230769230768
1 0.6418269230769231 0.9254807692307693 0.2668269230769231 0.1466346153846154
1 0.35697115384615385 0.8713942307692307 0.2548076923076923 0.16826923076923078
1 0.2932692307692308 0.6574519230769231 0.2548076923076923 0.17067307692307693
1 0.7439903846153846 0.4891826923076923 0.2548076923076923 0.16826923076923078
1 0.4795673076923077 0.4795673076923077 0.27403846153846156 0.20192307692307693
2 0.8822115384615384 0.6754807692307693 0.23076923076923078 0.4807692307692308
1 0.890625 0.2247596153846154 0.21394230769230768 0.16105769230769232
1 0.7487980769230769 0.265625 0.22115384615384615 0.15625
1 0.08533653846153846 0.859375 0.1658653846153846 0.1875