1 0.3076923076923077 0.4170673076923077 0.22355769230769232 0.17307692307692307
1 0.3737980769230769 0.2608173076923077 0.21875 0.15384615384615385
1 0.5588942307692307 0.45552884615384615 0.21875 0.15384615384615385
1 0.6045673076923077 0.21634615384615385 0.23076923076923078 0.1778846153846154
1 0.6802884615384616 0.8942307692307693 0.23076923076923078 0.1778846153846154
1 0.8810096153846154 0.30288461538461536 0.23076923076923078 0.1778846153846154
1 0.6670673076923077 0.7199519230769231 0.2403846153846154 0.20432692307692307
1 0.6189903846153846 0.6298076923076923 0.1875 0.25721153846153844
1 0.36778846153846156 0.6802884615384616 0.21153846153846154 0.22596153846153846
1 0.28125 0.8173076923076923 0.22596153846153846 0.18028846153846154
1 0.078125 0.84375 0.15384615384615385 0.16346153846153846
2 0.140625 0.1875 0.2764423076923077 0.30528846153846156