1 0.20072115384615385 0.23317307692307693 0.16826923076923078 0.22355769230769232
1 0.30528846153846156 0.35697115384615385 0.1778846153846154 0.2403846153846154
1 0.47475961538461536 0.27524038461538464 0.19230769230769232 0.23557692307692307
1 0.4735576923076923 0.1045673076923077 0.19230769230769232 0.20432692307692307
1 0.6790865384615384 0.17668269230769232 0.19471153846153846 0.2403846153846154
1 0.8329326923076923 0.53125 0.19471153846153846 0.24278846153846154
1 0.6346153846153846 0.4266826923076923 0.20673076923076922 0.25961538461538464
1 0.12379807692307693 0.53125 0.18269230769230768 0.22355769230769232
1 0.15384615384615385 0.7560096153846154 0.18269230769230768 0.21634615384615385
1 0.19831730769230768 0.9278846153846154 0.18028846153846154 0.13942307692307693
1 0.7451923076923077 0.7319711538461539 0.14903846153846154 0.1971153846153846
1 0.8461538461538461 0.7512019230769231 0.14903846153846154 0.1971153846153846
1 0.9435096153846154 0.9182692307692307 0.11298076923076923 0.15865384615384615
1 0.8100961538461539 0.921875 0.15865384615384615 0.15144230769230768
1 0.9302884615384616 0.20432692307692307 0.1346153846153846 0.24759615384615385
1 0.7980769230769231 0.2824519230769231 0.20673076923076922 0.2620192307692308
2 0.4362980769230769 0.8040865384615384 0.4254807692307692 0.3870192307692308