1 0 63 1 -9 -9 -9
-9 1 145 1 233 -9 50 20
1 -9 1 2 2 3 81 0
0 0 0 0 1 10.5 6 13
150 60 190 90 145 85 0 0
2.3 3 -9 172 0 -9 -9 -9
-9 -9 -9 6 -9 -9 -9 2
16 81 0 1 1 1 -9 1
-9 1 -9 1 1 1 1 1
1 1 -9 -9 name
2 0 67 1 -9 -9 -9
-9 4 160 1 286 -9 40 40
0 -9 1 2 3 5 81 0
1 0 0 0 1 9.5 6 13
108 64 160 90 160 90 1 0
1.5 2 -9 185 3 -9 -9 -9
-9 -9 -9 3 -9 -9 -9 2
5 81 2 1 2 2 -9 2
-9 1 -9 1 1 1 1 1
1 1 -9 -9 name
3 0 67 1 -9 -9 -9
-9 4 120 1 229 -9 20 35
0 -9 1 2 2 19 81 0
1 0 0 0 1 8.5 6 10
129 78 140 80 120 80 1 0
2.6 2 -9 150 2 -9 -9 -9
-9 -9 -9 7 -9 -9 -9 2
20 81 1 1 1 1 -9 1
-9 1 -9 2 2 1 1 1
7 3 -9 -9 name
4 0 37 1 -9 -9 -9
-9 3 130 0 250 -9 0 0
0 -9 1 0 2 13 81 0
1 0 0 0 1 13 13 17
187 84 195 68 130 78 0 0
3.5 3 -9 167 0 -9 -9 -9
-9 -9 -9 3 -9 -9 -9 2
4 81 0 1 1 1 -9 1
-9 1 -9 1 1 1 1 1
1 1 -9 -9 name
6 0 41 0 -9 -9 -9
-9 2 130 1 204 -9 0 0
0 -9 1 2 2 7 81 0
0 0 0 0 1 7 -9 9
172 71 160 74 130 86 0 0
1.4 1 -9 40 0 -9 -9 -9
-9 -9 -9 3 -9 -9 -9 2
18 81 0 1 1 1 -9 1
-9 1 -9 1 1 1 1 1
1 1 -9 -9 name
7 0 56 1 -9 -9 -9
-9 2 120 1 236 -9 20 20
0 -9 1 0 3 9 81 1
0 0 0 0 1 11.3 -9 16
178 73 165 70 120 75 0 0
0.8 1 -9 127 0 -9 -9 -9
-9 -9 -9 3 -9 -9 -9 3
10 81 0 1 1 1 -9 1
-9 1 -9 1 1 1 1 1
1 1 -9 -9 name
8 0 62 0 -9 -9 -9
-9 4 140 0 268 -9 0 0
0 -9 1 2 1 28 81 0
0 0 0 0 1 6 6 7
160 83 180 84 140 100 0 0
3.6 3 -9 122 2 -9 -9 -9
-9 -9 -9 3 -9 -9 -9 2
2 81 3 1 2 1 -9 1
-9 2 -9 2 1 1 1 1
7 1 -9 -9 name
9 0 57 0 -9 -9 -9
-9 4 120 1 354 -9 0 0
0 -9 1 0 7 20 81 0
0 0 0 0 1 9 6 10
163 84 165 80 120 80 1 0
0.6 1 -9 122 0 -9 -9 -9
-9 -9 -9 3 -9 -9 -9 7
21 81 0 1 1 1 -9 1
-9 1 -9 1 1 1 1 1
1 1 -9 -9 name
10 0 63 1 -9 -9 -9
-9 4 130 1 254 -9 0 0
0 -9 0 2 7 2 81 0
1 1 0 0 1 8 8 9
147 75 120 70 130 105 0 0
1.4 2 -9 75 1 -9 -9 -9
-9 -9 -9 7 -9 -9 -9 7
3 81 2 1 2 1 -9 1
-9 1 -9 2 1 1 1 6
7 2 -9 -9 name
11 0 53 1 -9 -9 -9
-9 4 140 0 203 -9 20 25
1 -9 1 2 7 3 81 0
1 0 0 1 1 5.5 3 7
155 86 185 120 140 100 1 0
3.1 3 -9 68 0 -9 -9 -9
-9 -9 -9 7 -9 -9 -9 7
6 81 1 1 1 1 -9 1
-9 1 -9 2 1 1 1 1
1 1 -9 -9 name
12 0 57 1 -9 -9 -9
-9 4 140 0 192 -9 75 25
0 -9 0 0 6 30 81 0
0 0 0 0 1 8.2 -9 9
148 86 180 75 140 90 0 0
0.4 2 -9 200 0 -9 -9 -9
-9 -9 -9 6 -9 -9 -9 7
1 81 0 1 1 1 -9 1
-9 1 -9 1 1 1 1 1
1 1 -9 -9 name
13 0 56 0 -9 -9 -9
-9 2 140 0 294 -9 0 0
0 -9 0 2 1 16 81 0
1 1 0 0 1 4.5 4.5 7
153 85 204 118 140 100 0 0
1.3 2 -9 175 0 -9 -9 -9
-9 -9 -9 3 -9 -9 -9 1
19 81 0 1 1 1 -9 1
-9 1 -9 1 1 1 1 1
1 1 -9 -9 name
14 0 56 1 -9 -9 -9
-9 3 130 0 256 -9 30 25
1 1 1 2 1 19 81 0
0 0 0 0 1 13 -9 16
142 74 145 87 130 90 1 0
0.6 2 -9 110 1 -9 -9 -9
-9 -9 -9 6 -9 -9 -9 1
20 81 2 1 2 1 -9 1
-9 1 -9 2 1 1 1 1
3 1 -9 -9 name
15 0 44 1 -9 -9 -9
-9 2 120 1 263 -9 50 30
0 -9 1 0 5 20 81 0
1 0 0 0 1 9.3 -9 13
173 70 165 70 120 80 0 0
0 1 -9 49 0 -9 -9 -9
-9 -9 -9 7 -9 -9 -9 5
21 81 0 1 1 1 -9 1
-9 1 -9 1 1 1 1 1
1 1 -9 -9 name
16 0 52 1 -9 -9 -9
-9 3 172 0 199 -9 30 35
1 -9 0 0 6 9 81 0
0 0 0 0 1 12.5 -9 18
162 91 220 96 172 100 0 0
0.5 1 -9 231 0 -9 -9 -9
-9 -9 -9 7 -9 -9 -9 6
10 81 0 1 1 1 -9 1
-9 1 -9 1 1 1 1 1
1 1 -9 -9 name
17 0 57 1 -9 -9 -9
-9 3 150 1 168 -9 15 40
0 -9 1 0 7 13 81 0
0 1 0 0 1 11 -9 13
174 60 192 80 150 90 0 0
1.6 1 -9 150 0 -9 -9 -9
-9 -9 -9 3 -9 -9 -9 7
14 81 0 1 1 1 -9 1
-9 1 -9 1 1 1 1 1
1 1 -9 -9 name
18 0 48 1 -9 -9 -9
-9 2 110 1 229 -9 0 0
0 -9 0 0 7 21 81 0
1 0 0 0 1 9.8 -9 13
168 75 175 80 110 80 0 0
1 3 -9 197 0 -9 -9 -9
-9 -9 -9 7 -9 -9 -9 7
21 81 1 1 1 1 -9 2
-9 1 -9 1 1 1 1 1
1 1 -9 -9 name
19 0 54 1 -9 -9 -9
-9 4 140 1 239 -9 20 30
0 -9 0 0 6 24 81 0
0 0 0 1 1 7.8 7.8 10
160 86 180 98 140 100 0 0
1.2 1 -9 85 0 -9 -9 -9
-9 -9 -9 3 -9 -9 -9 6
25 81 0 1 1 1 -9 1
-9 1 -9 1 1 1 1 1
1 1 -9 -9 name
20 0 48 0 -9 -9 -9
-9 3 130 1 275 -9 2 20
0 -9 1 0 6 2 81 0
0 0 0 0 1 10 -9 13
139 62 165 75 130 80 0 0
0.2 1 -9 170 0 -9 -9 -9
-9 -9 -9 3 -9 -9 -9 6
3 81 0 1 1 1 -9 1
-9 1 -9 1 1 1 1 1
1 1 -9 -9 name
21 0 49 1 -9 -9 -9
-9 2 130 1 266 -9 25 22
0 -9 0 0 7 24 81 0
0 0 0 0 1 12 -9 14
171 82 135 80 130 75 0 0
0.6 1 -9 127 0 -9 -9 -9
-9 -9 -9 3 -9 -9 -9 7
27 81 0 1 1 1 -9 1
-9 1 -9 1 1 1 1 1
1 1 -9 -9 name
22 0 64 1 -9 -9 -9
-9 1 110 1 211 -9 30 20
0 -9 0 2 6 22 81 0
0 0 0 0 1 9 9 10
144 58 170 64 110 70 1 0
1.8 2 -9 200 0 -9 -9 -9
-9 -9 -9 3 -9 -9 -9 6
23 81 0 1 1 1 -9 1
-9 1 -9 1 1 1 1 1
1 1 -9 -9 name
23 0 58 0 -9 -9 -9
-9 1 150 1 283 -9 -9 -9
1 -9 1 2 5 26 81 0
1 0 0 0 1 5.8 5.8 7
162 75 210 70 150 100 0 0
1 1 -9 93 0 -9 -9 -9
-9 -9 -9 3 -9 -9 -9 5
27 81 0 1 1 1 -9 1
-9 1 -9 1 1 1 1 1
1 1 -9 -9 name
24 0 58 1 -9 -9 -9
-9 2 120 0 284 -9 0 0
0 -9 1 2 5 21 81 0
0 0 0 0 1 10 3 13
160 69 170 60 120 70 0 0
1.8 2 -9 145 0 -9 -9 -9
-9 -9 -9 3 -9 -9 -9 5
28 81 1 1 2 2 -9 1
-9 1 -9 1 1 1 1 1
1 1 -9 -9 name
25 0 58 1 -9 -9 -9
-9 3 132 1 224 -9 -9 -9
0 -9 1 2 6 4 81 0
0 0 0 0 1 8 3 10
173 98 150 62 132 76 0 0
3.2 1 -9 110 2 -9 -9 -9
-9 -9 -9 7 -9 -9 -9 6
5 81 3 1 1 2 -9 1
-9 2 -9 2 1 1 1 1
8 3 -9 -9 name
26 0 60 1 -9 -9 -9
-9 4 130 1 206 -9 50 32
0 -9 0 2 5 19 81 0
1 0 0 0 1 5 3 7
132 83 140 80 130 88 1 0
2.4 2 -9 24 2 -9 -9 -9
-9 -9 -9 7 -9 -9 -9 5
20 81 4 2 1 1 -9 2
-9 1 -9 2 1 1 1 1
1 1 -9 -9 name
27 0 50 0 -9 -9 -9
-9 3 120 0 219 -9 20 8
0 -9 1 0 6 29 81 0
0 0 0 0 1 6.3 6.3 9
158 71 160 90 120 85 0 0
1.6 2 -9 220 0 -9 -9 -9
-9 -9 -9 3 -9 -9 -9 6
30 81 0 1 1 1 -9 1
-9 1 -9 1 1 1 1 1
1 1 -9 -9 name
28 0 58 0 -9 -9 -9
-9 3 120 1 340 -9 0 0
0 -9 1 0 1 21 81 0
0 0 0 0 1 7 -9 9
172 95 160 100 120 95 0 0
0 1 -9 270 0 -9 -9 -9
-9 -9 -9 3 -9 -9 -9 1
22 81 0 1 1 1 -9 1
-9 1 -9 1 1 1 1 1
1 1 -9 -9 name
29 0 66 0 -9 -9 -9
-9 1 150 0 226 -9 0 0
0 -9 0 0 6 3 81 1
1 0 0 0 1 7.5 3 9
114 49 185 60 150 70 0 0
2.6 3 -9 152 0 -9 -9 -9
-9 -9 -9 3 -9 -9 -9 6
4 81 0 1 1 1 -9 1
-9 1 -9 1 1 1 1 1
1 1 -9 -9 name
30 0 43 1 -9 -9 -9
-9 4 150 0 247 -9 10 30
0 -9 1 0 6 15 81 0
0 0 0 0 1 10.5 9 13
171 67 190 70 150 80 0 0
1.5 1 -9 172 0 -9 -9 -9
-9 -9 -9 3 -9 -9 -9 6
16 81 0 1 1 1 -9 1
-9 1 -9 1 1 1 1 1
1 1 -9 -9 name
31 0 40 1 -9 -9 -9
-9 4 110 0 167 -9 0 0
0 -9 1 2 7 21 81 0
1 1 0 0 1 6 6 7
114 64 160 75 110 80 1 0
2 2 -9 140 0 -9 -9 -9
-9 -9 -9 7 -9 -9 -9 7
22 81 3 1 2 2 -9 1
-9 2 -9 2 1 1 1 1
1 1 -9 -9 name
32 0 69 0 -9 -9 -9
-9 1 140 1 239 -9 30 50
0 -9 1 0 5 29 81 0
0 0 0 0 1 6 6 7
151 81 150 74 140 78 0 0
1.8 1 -9 74 2 -9 -9 -9
-9 -9 -9 3 -9 -9 -9 6
1 81 0 1 1 1 -9 1
-9 1 -9 1 1 1 1 1
1 1 -9 -9 name
33 0 60 1 -9 -9 -9
-9 4 117 1 230 -9 0 0
1 -9 0 0 11 4 81 0
0 0 0 0 1 9 9 10
160 97 158 85 117 80 1 0
1.4 1 -9 118 2 -9 -9 -9
-9 -9 -9 7 -9 -9 -9 11
5 81 2 1 1 2 -9 1
-9 1 -9 2 1 1 1 1
1 1 -9 -9 name
34 0 64 1 -9 -9 -9
-9 3 140 0 335 -9 0 0
0 -9 1 0 11 9 81 0
0 0 0 0 1 6.5 6 7
158 91 215 105 140 90 0 0
0 1 -9 220 0 -9 -9 -9
-9 -9 -9 3 -9 -9 -9 11
10 81 1 1 1 1 -9 2
-9 1 -9 1 1 1 1 1
1 1 -9 -9 name
36 0 59 1 -9 -9 -9
-9 4 135 1 234 -9 20 40
0 -9 0 0 12 1 81 0
0 0 0 0 1 10.5 6 11
161 71 175 84 135 90 0 0
0.5 2 -9 176 0 -9 -9 -9
-9 -9 -9 7 -9 -9 -9 10
29 81 0 1 1 1 -9 1
-9 1 -9 1 1 1 1 1
1 1 -9 -9 name
38 0 44 1 -9 -9 -9
-9 3 130 0 233 -9 20 19
0 -9 0 0 10 28 81 0
1 0 0 0 1 13 -9 15
179 70 190 78 130 85 1 0
0.4 1 -9 105 0 -9 -9 -9
-9 -9 -9 3 -9 -9 -9 10
29 81 0 1 1 1 -9 1
-9 1 -9 1 1 1 1 1
1 1 -9 -9 name
39 0 42 1 -9 -9 -9
-9 4 140 1 226 -9 20 25
0 -9 1 0 9 18 81 0
0 0 0 0 1 10.3 -9 12
178 62 185 75 140 90 0 0
0 1 -9 120 0 -9 -9 -9
-9 -9 -9 3 -9 -9 -9 9
18 81 0 1 1 1 -9 1
-9 1 -9 1 1 1 1 1
8 1 -9 -9 name
41 0 43 1 -9 -9 -9
-9 4 120 1 177 -9 40 23
0 -9 0 2 11 24 81 0
0 0 0 0 1 5.5 3 6
120 103 130 78 120 88 1 0
2.5 2 -9 115 0 -9 -9 -9
-9 -9 -9 7 -9 -9 -9 5
26 82 3 1 2 1 -9 2
-9 1 -9 1 2 1 1 1
7 1 -9 -9 name
42 0 57 1 -9 -9 -9
-9 4 150 1 276 -9 40 30
0 -9 0 2 12 29 81 0
1 1 0 0 1 6.5 -9 9
112 65 210 90 150 92 1 0
0.6 2 -9 60 1 -9 -9 -9
-9 -9 -9 6 -9 -9 -9 12
30 81 1 1 1 1 -9 1
-9 1 -9 2 2 1 1 1
1 1 -9 -9 name
43 0 55 1 -9 -9 -9
-9 4 132 0 353 -9 60 30
0 -9 1 0 1 3 81 0
1 0 0 0 1 7.5 7.5 8
132 69 160 90 132 94 1 0
1.2 2 -9 113 1 -9 -9 -9
-9 -9 -9 7 -9 -9 -9 11
4 81 3 1 2 1 -9 2
-9 1 -9 1 2 1 1 1
1 2 -9 -9 name
44 0 61 1 -9 -9 -9
-9 3 150 1 243 -9 99 35
1 -9 0 0 1 5 82 0
0 0 0 0 1 6.5 6.5 8
137 88 200 90 150 110 1 0
1 2 -9 150 0 -9 -9 -9
-9 -9 -9 3 -9 -9 -9 1
6 82 0 1 1 1 -9 1
-9 1 -9 1 1 1 1 1
1 1 -9 -9 name
45 0 65 0 -9 -9 -9
-9 4 150 0 225 -9 0 0
0 -9 1 2 12 3 81 0
1 1 0 0 1 5 5 5
114 68 180 80 150 86 0 0
1 2 -9 59 3 -9 -9 -9
-9 -9 -9 7 -9 -9 -9 12
4 81 4 2 2 1 -9 1
-9 2 -9 1 1 1 1 1
1 1 -9 -9 name
46 0 40 1 -9 -9 -9
-9 1 140 1 199 -9 0 0
0 -9 0 0 11 12 81 0
0 0 0 0 1 9 -9 10
178 87 200 90 140 100 1 0
1.4 1 -9 105 0 -9 -9 -9
-9 -9 -9 7 -9 -9 -9 11
13 81 0 1 1 1 -9 1
-9 1 -9 1 1 1 1 1
1 1 -9 -9 name
47 0 71 0 -9 -9 -9
-9 2 160 0 302 -9 40 50
0 -9 1 0 12 4 81 0
1 0 0 1 1 5.5 5.5 5
162 93 190 80 160 90 0 0
0.4 1 -9 70 2 -9 -9 -9
-9 -9 -9 3 -9 -9 -9 12
7 81 0 1 1 1 -9 1
-9 1 -9 1 1 1 1 1
1 1 -9 -9 name
48 0 59 1 -9 -9 -9
-9 3 150 0 212 -9 50 30
1 -9 0 0 12 2 81 0
0 0 0 0 1 9 6 9
157 64 185 85 150 90 0 0
1.6 1 -9 195 0 -9 -9 -9
-9 -9 -9 3 -9 -9 -9 11
9 81 0 1 1 1 -9 1
-9 1 -9 1 1 1 1 1
1 1 -9 -9 name
49 0 61 0 -9 -9 -9
-9 4 130 1 330 -9 0 0
0 -9 1 2 11 6 82 0
0 0 0 0 1 5 -9 6
169 81 170 100 130 90 0 0
0 1 -9 120 0 -9 -9 -9
-9 -9 -9 3 -9 -9 -9 8
14 81 1 1 1 1 -9 1
-9 1 -9 1 2 1 1 1
1 1 -9 -9 name
50 0 58 1 -9 -9 -9
-9 3 112 1 230 -9 4 40
0 -9 0 2 8 13 81 0
0 0 0 0 1 9.5 9.5 11
165 74 155 75 112 80 0 0
2.5 2 -9 92 1 -9 -9 -9
-9 -9 -9 7 -9 -9 -9 8
14 81 4 2 2 2 -9 2
-9 1 -9 1 2 1 1 1
1 1 -9 -9 name
51 0 51 1 -9 -9 -9
-9 3 110 0 175 -9 60 30
0 1 1 0 10 30 81 0
1 0 0 1 1 9 -9 11
123 52 140 80 110 78 0 0
0.6 1 -9 133 0 -9 -9 -9
-9 -9 -9 3 -9 -9 -9 9
17 81 0 1 1 1 -9 1
-9 1 -9 1 1 1 1 1
1 1 -9 -9 name
52 0 50 1 -9 -9 -9
-9 4 150 1 243 -9 20 35
0 -9 0 2 9 16 81 0
0 0 0 0 1 4.5 3 7
128 69 160 80 150 90 0 0
2.6 2 -9 103 0 -9 -9 -9
-9 -9 -9 7 -9 -9 -9 9
17 81 4 2 1 1 -9 2
-9 1 -9 2 1 1 1 1
1 2 -9 -9 name
53 0 65 0 -9 -9 -9
-9 3 140 0 417 -9 0 0
1 -9 0 2 11 16 81 0
0 0 0 0 1 3.5 3.5 5
157 110 165 98 140 95 0 0
0.8 1 -9 24 1 -9 -9 -9
-9 -9 -9 3 -9 -9 -9 11
17 81 0 1 1 1 -9 1
-9 1 -9 1 1 1 1 1
1 1 -9 -9 name
54 0 53 1 -9 -9 -9
-9 3 130 0 197 -9 25 30
1 1 0 2 12 16 81 0
1 1 0 0 1 9 -9 10
152 75 197 83 130 90 0 0
1.2 3 -9 100 0 -9 -9 -9
-9 -9 -9 3 -9 -9 -9 12
17 81 0 1 1 1 -9 1
-9 1 -9 1 1 1 1 1
1 1 -9 -9 name
55 0 41 0 -9 -9 -9
-9 2 105 1 198 -9 20 24
0 -9 0 0 8 27 81 0
0 0 0 0 1 8.3 -9 9
168 92 145 80 105 70 0 0
0 1 -9 160 1 -9 -9 -9
-9 -9 -9 3 -9 -9 -9 8
28 81 0 1 1 1 -9 1
-9 1 -9 1 1 1 1 1
1 1 -9 -9 name
56 0 65 1 -9 -9 -9
-9 4 120 0 177 -9 40 20
0 -9 1 0 9 15 81 0
1 0 0 1 1 9 -9 9
140 60 165 100 120 100 0 0
0.4 1 -9 163 0 -9 -9 -9
-9 -9 -9 7 -9 -9 -9 9
15 81 0 1 1 1 -9 1
-9 1 -9 1 1 1 1 1
1 1 -9 -9 name
57 0 44 1 -9 -9 -9
-9 4 112 1 290 -9 0 0
0 -9 1 2 8 18 81 0
1 1 0 0 1 15 15 17
153 56 144 100 112 88 0 0
0 1 -9 125 1 -9 -9 -9
-9 -9 -9 3 -9 -9 -9 8
19 81 2 1 2 1 -9 2
-9 1 -9 1 1 1 1 1
1 1 -9 -9 name
58 0 44 1 -9 -9 -9
-9 2 130 1 219 -9 0 0
0 -9 1 2 10 26 81 0
0 0 0 0 1 11 -9 14
188 79 145 85 130 95 0 0
0 1 -9 110 0 -9 -9 -9
-9 -9 -9 3 -9 -9 -9 10
27 81 0 1 1 1 -9 1
-9 1 -9 1 1 1 1 1
1 1 -9 -9 name
59 0 60 1 -9 -9 -9
-9 4 130 1 253 -9 20 40
0 -9 1 0 11 5 81 0
0 0 0 0 1 9 9 10
144 77 190 84 130 78 1 0
1.4 1 -9 105 1 -9 -9 -9
-9 -9 -9 7 -9 -9 -9 11
5 81 1 1 1 2 -9 1
-9 1 -9 1 1 1 1 1
1 2 -9 -9 name
60 0 54 1 -9 -9 -9
-9 4 124 1 266 -9 0 0
0 -9 1 2 11 17 81 0
1 1 0 0 1 5 5 5
109 66 90 50 124 84 1 1
2.2 2 -9 100 1 -9 -9 -9
-9 -9 -9 7 -9 -9 -9 11
18 81 1 1 2 1 -9 1
-9 1 -9 1 1 1 1 1
1 1 -9 -9 name
61 0 50 1 -9 -9 -9
-9 3 140 1 233 -9 30 30
0 -9 1 0 11 19 81 0
1 1 0 0 1 12 6 14
163 79 200 95 140 95 0 0
0.6 2 -9 150 1 -9 -9 -9
-9 -9 -9 7 -9 -9 -9 11
20 81 1 1 1 1 -9 1
-9 2 -9 1 1 1 1 1
1 1 -9 -9 name
62 0 41 1 -9 -9 -9
-9 4 110 1 172 -9 50 29
0 -9 1 2 12 9 81 0
0 0 0 0 1 12 13 14
158 68 170 65 110 80 0 0
0 1 -9 48 0 -9 -9 -9
-9 -9 -9 7 -9 -9 -9 12
10 81 1 1 2 1 -9 1
-9 1 -9 1 1 1 1 1
1 1 -9 -9 name
63 0 54 1 -9 -9 -9
-9 3 125 1 273 -9 50 30
0 -9 1 2 12 10 81 0
0 0 0 0 1 10.5 -9 13
152 67 198 78 125 95 0 0
0.5 3 -9 57 1 -9 -9 -9
-9 -9 -9 3 -9 -9 -9 12
11 81 0 1 1 1 -9 1
-9 1 -9 1 1 1 1 1
1 1 -9 -9 name
64 0 51 1 -9 -9 -9
-9 1 125 0 213 -9 0 0
0 -9 0 2 12 14 81 0
1 1 0 0 1 7.9 7.9 10
125 52 210 88 125 80 1 0
1.4 1 -9 210 1 -9 -9 -9
-9 -9 -9 3 -9 -9 -9 12
15 81 0 1 1 1 -9 1
-9 1 -9 1 1 1 1 1
1 1 -9 -9 name
65 0 51 0 -9 -9 -9
-9 4 130 0 305 -9 0 0
0 -9 1 0 12 11 81 0
0 0 0 0 1 5 5 5
142 90 175 70 130 90 1 0
1.2 2 -9 110 0 -9 -9 -9
-9 -9 -9 7 -9 -9 -9 12
14 81 2 1 1 1 -9 1
-9 2 -9 2 1 1 1 1
1 1 -9 -9 name
66 0 46 0 -9 -9 -9
-9 3 142 0 177 -9 0 0
0 -9 1 2 12 17 81 0
0 0 0 0 1 6 3 7
160 96 170 80 142 98 1 0
1.4 3 -9 80 0 -9 -9 -9
-9 -9 -9 3 -9 -9 -9 12
18 81 0 1 1 1 -9 1
-9 1 -9 1 1 1 1 1
1 1 -9 -9 name
67 0 58 1 -9 -9 -9
-9 4 128 1 216 -9 60 30
0 -9 1 2 12 28 81 0
0 0 0 0 1 5.2 3 7
131 76 180 90 128 90 1 0
2.2 2 -9 145 3 -9 -9 -9
-9 -9 -9 7 -9 -9 -9 12
29 81 1 1 1 1 -9 1
-9 1 -9 2 1 1 1 1
1 1 -9 -9 name
68 0 54 0 -9 -9 -9
-9 3 135 0 304 -9 60 30
1 -9 0 0 1 7 82 0
0 1 0 0 1 7 -9 9
170 100 200 80 135 85 0 0
0 1 -9 110 0 -9 -9 -9
-9 -9 -9 3 -9 -9 -9 1
8 82 0 1 1 1 -9 1
-9 1 -9 1 1 1 1 1
1 1 -9 -9 name
69 0 54 1 -9 -9 -9
-9 4 120 1 188 -9 60 29
0 -9 1 0 2 4 81 0
1 0 0 0 1 9 9 10
113 54 160 80 120 80 0 0
1.4 2 -9 72 1 -9 -9 -9
-9 -9 -9 7 -9 -9 -9 2
5 82 2 1 1 2 -9 1
-9 1 -9 2 2 1 1 1
1 1 -9 -9 name
70 0 60 1 -9 -9 -9
-9 4 145 1 282 -9 40 30
0 -9 1 2 2 11 82 0
0 1 0 0 1 7.5 7.5 9
142 84 170 80 145 80 1 0
2.8 2 -9 120 2 -9 -9 -9
-9 -9 -9 7 -9 -9 -9 2
12 82 2 1 2 2 -9 1
-9 2 -9 1 1 1 1 1
1 1 -9 -9 name
71 0 60 1 -9 -9 -9
-9 3 140 0 185 -9 0 0
0 -9 1 2 1 18 82 0
0 0 0 1 1 12.2 12 14
155 67 200 70 140 80 0 0
3 2 -9 112 0 -9 -9 -9
-9 -9 -9 3 -9 -9 -9 1
19 82 1 1 1 2 -9 1
-9 1 -9 1 1 1 1 1
1 2 -9 -9 name
72 0 54 1 -9 -9 -9
-9 3 150 0 232 -9 40 40
0 -9 0 2 1 21 82 0
1 0 0 0 1 9.5 9 10
165 56 170 95 150 100 0 0
1.6 1 -9 105 0 -9 -9 -9
-9 -9 -9 7 -9 -9 -9 1
22 82 0 1 1 1 -9 1
-9 1 -9 1 1 1 1 1
1 1 -9 -9 name
73 0 59 1 -9 -9 -9
-9 4 170 1 326 -9 0 0
0 -9 1 2 1 26 82 0
0 0 0 0 1 6 4 7
140 56 125 110 170 100 1 1
3.4 3 -9 155 0 -9 -9 -9
-9 -9 -9 7 -9 -9 -9 1
27 82 2 1 2 1 -9 1
-9 1 -9 2 1 1 1 1
1 1 -9 -9 name
74 0 46 1 -9 -9 -9
-9 3 150 1 231 -9 40 25
0 -9 0 0 2 2 82 0
1 0 0 0 1 10 9 12
147 67 180 75 150 90 0 0
3.6 2 -9 176 0 -9 -9 -9
-9 -9 -9 3 -9 -9 -9 2
3 82 1 1 2 1 -9 1
-9 1 -9 1 1 1 1 1
1 1 -9 -9 name
75 0 65 0 -9 -9 -9
-9 3 155 1 269 -9 0 0
0 -9 0 0 2 17 82 0
1 0 0 0 1 6 3 8
148 71 180 80 155 80 0 0
0.8 1 -9 150 0 -9 -9 -9
-9 -9 -9 3 -9 -9 -9 2
18 82 0 1 1 1 -9 1
-9 1 -9 1 1 1 1 1
1 1 -9 -9 name
76 0 67 1 -9 -9 -9
-9 4 125 1 254 -9 20 1
1 -9 0 0 1 20 82 0
0 0 0 0 1 11 0 14
163 88 190 72 125 80 0 0
0.2 2 -9 113 2 -9 -9 -9
-9 -9 -9 7 -9 -9 -9 1
21 82 3 1 1 2 -9 2
-9 1 -9 1 2 1 1 1
1 1 -9 -9 name
77 0 62 1 -9 -9 -9
-9 4 120 1 267 -9 20 30
0 -9 1 0 2 18 82 0
1 1 0 0 1 6 6 7
99 43 180 83 120 88 1 0
1.8 2 -9 130 2 -9 -9 -9
-9 -9 -9 7 -9 -9 -9 2
19 82 1 1 2 2 -9 1
-9 1 -9 1 1 1 1 1
1 1 -9 -9 name
78 0 65 1 -9 -9 -9
-9 4 110 1 248 -9 0 0
0 -9 1 2 1 12 82 0
0 1 0 0 1 7.5 6 9
158 82 144 72 110 70 0 0
0.6 1 -9 145 2 -9 -9 -9
-9 -9 -9 6 -9 -9 -9 1
13 82 1 1 2 1 -9 1
-9 1 -9 1 1 1 1 1
1 1 -9 -9 name
79 0 44 1 -9 -9 -9
-9 4 110 1 197 -9 80 30
0 -9 0 2 1 28 82 0
0 1 0 0 1 12 0 14
177 61 155 70 110 80 0 0
0 1 -9 134 1 -9 -9 -9
-9 -9 -9 3 -9 -9 -9 1
29 82 1 1 1 1 -9 2
-9 1 -9 1 1 1 1 1
1 1 -9 -9 name
80 0 65 0 -9 -9 -9
-9 3 160 1 360 -9 0 0
0 -9 1 2 2 3 82 0
0 0 0 0 1 5.9 4 7
151 69 170 78 160 85 0 0
0.8 1 -9 65 0 -9 -9 -9
-9 -9 -9 3 -9 -9 -9 2
4 82 0 1 1 1 -9 1
-9 1 -9 1 1 1 1 1
1 1 -9 -9 name
81 0 60 1 -9 -9 -9
-9 4 125 1 258 -9 30 1
0 -9 0 2 2 1 82 0
0 0 0 0 1 8.2 6 10
141 93 152 70 125 85 1 0
2.8 2 -9 132 1 -9 -9 -9
-9 -9 -9 7 -9 -9 -9 2
2 82 1 1 1 1 -9 1
-9 1 -9 2 1 1 1 1
1 1 -9 -9 name
82 0 51 0 -9 -9 -9
-9 3 140 1 308 -9 20 20
0 -9 1 2 2 15 82 0
1 0 0 0 1 4.5 0 7
142 74 158 82 140 90 0 0
1.5 1 -9 116 1 -9 -9 -9
-9 -9 -9 3 -9 -9 -9 3
2 82 0 1 1 1 -9 1
-9 1 -9 1 1 1 1 1
1 1 -9 -9 name
83 0 48 1 -9 -9 -9
-9 2 130 0 245 -9 50 15
0 -9 0 2 12 16 82 0
0 0 0 0 1 11 0 13
180 68 180 80 130 90 0 0
0.2 2 -9 100 0 -9 -9 -9
-9 -9 -9 3 -9 -9 -9 2
17 82 0 1 1 1 -9 1
-9 1 -9 1 1 1 1 1
1 1 -9 -9 name
85 0 58 1 -9 -9 -9
-9 4 150 0 270 -9 40 54
0 -9 0 2 1 15 82 0
0 0 0 0 1 8.2 8 10
111 70 192 82 150 98 1 0
0.8 1 -9 225 0 -9 -9 -9
-9 -9 -9 7 -9 -9 -9 1
18 82 3 1 2 1 -9 1
-9 2 -9 1 2 1 1 1
1 1 -9 -9 name
86 0 45 1 -9 -9 -9
-9 4 104 1 208 -9 40 35
0 -9 0 2 4 1 82 0
0 1 0 0 1 7 6 8
148 84 150 76 104 80 1 0
3 2 -9 204 0 -9 -9 -9
-9 -9 -9 3 -9 -9 -9 4
2 82 0 1 1 1 -9 1
-9 1 -9 1 1 1 1 1
1 1 -9 -9 name
87 0 53 0 -9 -9 -9
-9 4 130 0 264 -9 0 0
0 -9 0 2 3 4 82 0
0 0 0 0 1 10.5 9 13
143 101 162 70 130 90 0 0
0.4 2 -9 40 0 -9 -9 -9
-9 -9 -9 3 -9 -9 -9 3
5 82 0 1 1 1 -9 1
-9 1 -9 1 1 1 1 1
1 1 -9 -9 name
88 0 39 1 -9 -9 -9
-9 3 140 1 321 -9 20 20
0 -9 1 2 4 20 82 0
0 1 1 0 1 14 0 16
182 65 200 100 140 90 0 0
0 1 -9 94 0 -9 -9 -9
-9 -9 -9 3 -9 -9 -9 4
21 82 0 1 1 1 -9 1
-9 1 -9 1 1 1 1 1
1 2 -9 -9 name
89 0 68 1 -9 -9 -9
-9 3 180 0 274 -9 8 40
1 1 1 2 2 26 82 0
1 1 0 0 1 4.5 3 7
150 85 190 100 180 100 1 0
1.6 2 -9 140 0 -9 -9 -9
-9 -9 -9 7 -9 -9 -9 3
1 82 3 1 1 2 -9 1
-9 2 -9 1 2 1 1 1
1 2 -9 -9 name
90 0 52 1 -9 -9 -9
-9 2 120 1 325 -9 30 20
0 -9 1 0 3 23 82 0
0 0 0 0 1 9.5 0 12
172 71 160 65 120 75 0 0
0.2 1 -9 125 0 -9 -9 -9
-9 -9 -9 3 -9 -9 -9 3
24 82 0 1 1 1 -9 1
-9 1 -9 1 1 1 1 1
1 1 -9 -9 name
91 0 44 1 -9 -9 -9
-9 3 140 1 235 -9 40 24
0 -9 0 2 2 25 82 0
0 0 0 0 1 10.5 0 13
180 70 190 80 140 80 0 0
0 1 -9 98 0 -9 -9 -9
-9 -9 -9 3 -9 -9 -9 2
26 82 0 1 1 1 -9 1
-9 1 -9 1 1 1 1 1
1 1 -9 -9 name
92 0 47 1 -9 -9 -9
-9 3 138 0 257 -9 0 0
0 -9 1 2 4 21 82 0
1 0 0 0 1 11 0 14
156 62 160 90 138 90 0 0
0 1 -9 88 0 -9 -9 -9
-9 -9 -9 3 -9 -9 -9 4
22 82 0 1 1 1 -9 1
-9 1 -9 1 1 1 1 1
1 1 -9 -9 name
93 0 53 0 -9 -9 -9
-9 3 128 0 216 -9 0 0
0 -9 0 2 2 19 82 1
1 0 0 1 1 5.5 0 7
115 67 158 104 128 90 0 0
0 1 -9 45 0 -9 -9 -9
-9 -9 -9 -9 -9 -9 -9 2
22 82 0 1 1 1 -9 1
-9 1 -9 1 1 1 1 1
1 1 -9 -9 name
94 0 53 0 -9 -9 -9
-9 4 138 1 234 -9 0 0
0 -9 1 2 4 14 82 0
1 0 0 0 1 15 6 12
160 80 168 68 138 84 0 0
0 1 -9 100 0 -9 -9 -9
-9 -9 -9 3 -9 -9 -9 4
15 82 0 1 1 1 -9 1
-9 1 -9 1 1 1 1 1
1 1 -9 -9 name
95 0 51 0 -9 -9 -9
-9 3 130 1 256 -9 20 20
0 -9 1 2 3 5 82 0
0 0 0 0 1 10 3 13
149 81 165 78 130 90 0 0
0.5 1 -9 120 0 -9 -9 -9
-9 -9 -9 3 -9 -9 -9 3
8 82 0 1 1 1 -9 1
-9 1 -9 1 1 1 1 1
1 1 -9 -9 name
96 0 66 1 -9 -9 -9
-9 4 120 1 302 -9 20 30
0 -9 1 2 4 5 82 0
0 0 0 0 1 8 0 9
151 73 150 80 120 80 0 0
0.4 2 -9 157 0 -9 -9 -9
-9 -9 -9 3 -9 -9 -9 4
6 82 0 1 1 1 -9 1
-9 1 -9 1 1 1 1 1
1 1 -9 -9 name
97 0 62 0 -9 -9 -9
-9 4 160 0 164 -9 0 0
0 -9 1 2 3 29 82 0
1 1 0 1 1 5.2 3 6
145 64 160 70 160 90 0 0
6.2 3 -9 150 3 -9 -9 -9
-9 -9 -9 7 -9 -9 -9 3
30 82 3 1 1 2 -9 1
-9 2 -9 2 2 1 1 3
5 2 -9 -9 name
98 0 62 1 -9 -9 -9
-9 3 130 1 231 -9 30 20
0 -9 1 0 2 23 82 0
0 0 0 0 1 8.7 7 10
146 82 158 100 130 90 0 0
1.8 2 -9 170 3 -9 -9 -9
-9 -9 -9 7 -9 -9 -9 2
24 82 0 1 1 1 -9 1
-9 1 -9 1 1 1 1 1
1 1 -9 -9 name
99 0 44 0 -9 -9 -9
-9 3 108 1 141 -9 0 0
0 -9 1 0 3 15 82 0
0 0 0 0 1 8 6 8
175 78 124 88 108 90 0 0
0.6 2 -9 200 0 -9 -9 -9
-9 -9 -9 3 -9 -9 -9 3
16 82 0 1 1 1 -9 1
-9 1 -9 1 1 1 1 1
1 1 -9 -9 name
100 0 63 0 -9 -9 -9
-9 3 135 0 252 -9 0 0
0 -9 0 2 3 9 82 0
0 0 0 0 1 7.1 6 6
172 71 180 80 135 80 0 0
0 1 -9 110 0 -9 -9 -9
-9 -9 -9 3 -9 -9 -9 3
10 82 0 1 1 1 -9 1
-9 1 -9 1 1 1 1 1
1 1 -9 -9 name
101 0 52 1 -9 -9 -9
-9 4 128 1 255 -9 40 20
0 -9 1 0 2 24 82 0
0 0 0 0 1 8 6 9
161 100 200 80 128 95 1 0
0 1 -9 180 1 -9 -9 -9
-9 -9 -9 7 -9 -9 -9 2
25 82 1 1 2 2 -9 1
-9 1 -9 1 1 1 1 1
1 1 -9 -9 name
102 0 59 1 -9 -9 -9
-9 4 110 1 239 -9 0 0
0 -9 1 2 3 16 82 0
1 0 0 0 1 8.5 8 9
142 79 164 80 110 78 1 0
1.2 2 -9 170 1 -9 -9 -9
-9 -9 -9 7 -9 -9 -9 3
17 82 2 1 1 1 -9 2
-9 1 -9 2 1 1 1 1
1 1 -9 -9 name
103 0 60 0 -9 -9 -9
-9 4 150 0 258 -9 20 40
0 -9 1 2 3 2 82 0
0 1 0 0 1 5 0 7
157 109 180 75 150 80 0 0
2.6 2 -9 190 2 -9 -9 -9
-9 -9 -9 7 -9 -9 -9 3
3 82 3 1 2 2 -9 2
-9 2 -9 2 1 1 1 1
1 1 -9 -9 name
104 0 52 1 -9 -9 -9
-9 2 134 1 201 -9 20 30
0 -9 1 0 7 7 82 0
1 1 0 0 1 9 0 10
158 83 160 96 134 94 0 0
0.8 1 -9 80 1 -9 -9 -9
-9 -9 -9 3 -9 -9 -9 7
8 82 0 1 1 1 -9 1
-9 1 -9 1 1 1 1 1
1 1 -9 -9 name
105 0 48 1 -9 -9 -9
-9 4 122 0 222 -9 60 20
0 -9 0 2 5 5 82 0
0 0 0 1 1 11 0 13
186 83 184 88 122 100 0 0
0 1 -9 58 0 -9 -9 -9
-9 -9 -9 3 -9 -9 -9 5
6 82 0 1 1 1 -9 1
-9 1 -9 1 1 1 1 1
1 1 -9 -9 name
106 0 45 1 -9 -9 -9
-9 4 115 1 260 -9 10 24
0 -9 1 2 6 25 82 0
0 0 0 0 1 11 0 12
185 66 174 75 115 80 0 0
0 1 -9 70 0 -9 -9 -9
-9 -9 -9 3 -9 -9 -9 6
28 82 0 1 1 1 -9 1
-9 1 -9 1 1 1 1 1
1 1 -9 -9 name
107 0 34 1 -9 -9 -9
-9 1 118 1 182 -9 20 6
0 -9 0 2 5 14 82 0
0 0 0 0 1 15 0 18
174 53 198 40 118 70 0 0
0 1 -9 140 0 -9 -9 -9
-9 -9 -9 3 -9 -9 -9 5
17 82 0 1 1 1 -9 1
-9 1 -9 1 1 1 1 1
1 1 -9 -9 name
108 0 57 0 -9 -9 -9
-9 4 128 1 303 -9 0 0
0 -9 0 2 6 21 82 0
1 0 0 0 1 10.3 9 13
159 67 170 82 128 86 0 0
0 1 -9 76 1 -9 -9 -9
-9 -9 -9 3 -9 -9 -9 6
22 82 0 1 1 1 -9 1
-9 1 -9 1 1 1 1 1
1 1 -9 -9 name
110 0 71 0 -9 -9 -9
-9 3 110 0 265 -9 0 0
1 -9 1 2 6 28 82 0
0 0 0 0 1 7 0 7
130 88 180 110 110 90 0 0
0 1 -9 88 1 -9 -9 -9
-9 -9 -9 3 -9 -9 -9 6
30 82 0 1 1 1 -9 1
-9 1 -9 1 1 1 1 1
1 2 -9 -9 name
111 0 49 1 -9 -9 -9
-9 3 120 0 188 -9 30 33
0 -9 1 0 6 23 82 0
1 0 0 1 1 10 9 13
139 78 160 80 120 85 0 0
2 2 -9 110 3 -9 -9 -9
-9 -9 -9 7 -9 -9 -9 6
24 82 3 1 1 2 -9 1
-9 2 -9 2 1 1 1 1
1 1 -9 -9 name
112 0 54 1 -9 -9 -9
-9 2 108 1 309 -9 30 34
0 -9 0 0 7 12 82 0
1 0 0 0 1 9.5 0 13
156 75 170 68 108 74 0 0
0 1 -9 74 0 -9 -9 -9
-9 -9 -9 7 -9 -9 -9 7
13 82 0 1 1 1 -9 1
-9 1 -9 1 1 1 1 1
1 1 -9 -9 name
113 0 59 1 -9 -9 -9
-9 4 140 1 177 -9 20 45
0 -9 0 0 6 10 82 0
1 0 1 0 1 7 3 9
162 82 165 85 140 86 1 0
0 1 -9 100 1 -9 -9 -9
-9 -9 -9 7 -9 -9 -9 6
11 82 2 1 2 1 -9 2
-9 1 -9 1 1 1 1 1
1 1 -9 -9 name
114 0 57 1 -9 -9 -9
-9 3 128 0 229 -9 40 40
0 -9 0 2 5 11 82 0
0 0 1 0 1 9.4 6 11
150 75 210 78 128 90 0 0
0.4 2 -9 90 1 -9 -9 -9
-9 -9 -9 7 -9 -9 -9 5
12 82 1 1 1 1 -9 1
-9 1 -9 2 1 1 1 1
1 1 -9 -9 name
115 0 61 1 -9 -9 -9
-9 4 120 1 260 -9 10 20
0 -9 1 0 7 15 82 0
0 0 0 0 1 7 6 9
140 60 156 75 120 80 1 0
3.6 2 -9 111 1 -9 -9 -9
-9 -9 -9 7 -9 -9 -9 7
16 82 2 1 2 1 -9 2
-9 1 -9 1 1 1 1 1
1 1 -9 -9 name
116 0 39 1 -9 -9 -9
-9 4 118 1 219 -9 40 20
0 -9 1 0 7 13 82 0
0 0 0 0 1 12 6 14
140 69 146 70 118 80 0 0
1.2 2 -9 118 0 -9 -9 -9
-9 -9 -9 7 -9 -9 -9 7
14 82 3 1 1 2 -9 2
-9 1 -9 2 1 1 1 1
1 1 -9 -9 name
118 0 61 0 -9 -9 -9
-9 4 145 1 307 -9 20 25
0 1 1 2 7 1 82 0
0 1 1 0 1 4 4 6
146 78 150 80 145 90 1 0
1 2 -9 122 0 -9 -9 -9
-9 -9 -9 7 -9 -9 -9 7
2 82 1 1 1 2 -9 1
-9 1 -9 1 1 1 1 1
1 1 -9 -9 name
119 0 56 1 -9 -9 -9
-9 4 125 0 249 -9 5 15
1 1 1 2 4 29 82 0
1 0 0 0 1 9 7 10
144 66 143 80 125 95 1 0
1.2 2 -9 155 1 -9 -9 -9
-9 -9 -9 3 -9 -9 -9 4
30 82 1 1 2 1 -9 1
-9 1 -9 1 1 1 1 1
1 1 -9 -9 name
120 0 52 1 -9 -9 -9
-9 1 118 0 186 -9 20 10
0 -9 1 2 3 22 82 1
0 1 0 0 1 8 0 8
190 90 160 100 118 89 0 0
0 2 -9 117 0 -9 -9 -9
-9 -9 -9 6 -9 -9 -9 3
23 82 0 1 1 1 -9 1
-9 1 -9 1 1 1 1 1
1 1 -9 -9 name
123 0 43 0 -9 -9 -9
-9 4 132 1 341 -9 40 20
1 -9 1 2 1 25 82 0
1 1 0 0 1 5.5 3 7
136 63 140 94 132 92 1 0
3 2 -9 120 0 -9 -9 -9
-9 -9 -9 7 -9 -9 -9 1
26 82 2 1 2 1 -9 1
-9 1 -9 2 1 1 1 1
1 1 -9 -9 name
124 0 62 0 -9 -9 -9
-9 3 130 0 263 -9 0 0
0 -9 1 0 4 22 82 0
1 0 0 0 1 14 12 8
97 56 152 65 130 75 0 0
1.2 2 -9 125 1 -9 -9 -9
-9 -9 -9 7 -9 -9 -9 4
23 82 2 1 2 1 -9 2
-9 1 -9 1 1 1 1 1
1 1 -9 -9 name
125 0 41 1 -9 -9 -9
-9 2 135 0 203 -9 0 0
0 -9 1 0 12 15 81 0
1 0 0 0 1 10.5 0 14
132 49 168 85 135 98 0 0
0 2 -9 171 0 -9 -9 -9
-9 -9 -9 6 -9 -9 -9 12
16 81 0 1 1 1 -9 1
-9 1 -9 1 1 1 1 1
1 1 -9 -9 name
126 0 58 1 -9 -9 -9
-9 3 140 0 211 -9 0 0
1 1 1 2 7 8 82 0
1 0 0 0 1 10 0 13
165 84 160 95 140 100 0 0
0 1 -9 112 0 -9 -9 -9
-9 -9 -9 3 -9 -9 -9 7
9 82 0 1 1 1 -9 1
-9 1 -9 1 1 1 1 1
1 1 -9 -9 name
127 0 35 0 -9 -9 -9
-9 4 138 0 183 -9 0 0
0 -9 1 0 6 29 82 0
0 0 0 0 1 10 9 13
182 85 196 89 138 90 0 0
1.4 1 -9 97 0 -9 -9 -9
-9 -9 -9 3 -9 -9 -9 6
30 82 0 1 1 1 -9 1
-9 1 -9 1 1 1 1 1
1 1 -9 -9 name
128 0 63 1 -9 -9 -9
-9 4 130 0 330 -9 0 0
1 1 0 2 1 8 82 0
1 0 0 1 1 7.5 6 9
132 68 150 70 130 90 1 0
1.8 1 -9 161 3 -9 -9 -9
-9 -9 -9 7 -9 -9 -9 1
11 82 3 1 1 2 -9 2
-9 2 -9 2 1 1 1 1
1 1 -9 -9 name
129 0 65 1 -9 -9 -9
-9 4 135 1 254 -9 40 30
0 -9 1 2 1 14 82 0
1 0 0 0 1 9 6 9
127 59 170 75 135 70 0 0
2.8 2 -9 153 1 -9 -9 -9
-9 -9 -9 7 -9 -9 -9 1
15 82 2 1 2 1 -9 2
-9 2 -9 1 1 1 1 1
1 1 -9 -9 name
130 0 48 1 -9 -9 -9
-9 4 130 1 256 -9 60 15
1 1 1 2 4 2 82 0
0 1 0 0 1 6.5 0 7
150 87 160 80 130 80 1 0
0 1 -9 100 2 -9 -9 -9
-9 -9 -9 7 -9 -9 -9 4
5 82 3 1 2 1 -9 1
-9 2 -9 1 2 1 1 1
1 1 -9 -9 name
131 0 63 0 -9 -9 -9
-9 4 150 1 407 -9 3 47
0 -9 1 2 11 11 81 -9
-9 -9 -9 -9 1 6.5 5.5 6.5
154 76 160 85 150 82 0 0
4 2 -9 180 3 -9 -9 -9
-9 -9 -9 7 -9 -9 -9 11
12 81 4 2 1 2 -9 2
-9 1 -9 2 1 1 1 1
1 1 -9 -9 name
132 0 51 1 -9 -9 -9
-9 3 100 1 222 -9 0 0
0 -9 0 0 8 3 82 0
0 0 0 0 1 6.7 6 8
143 59 145 60 100 70 1 0
1.2 2 -9 130 0 -9 -9 -9
-9 -9 -9 3 -9 -9 -9 8
4 82 0 1 1 1 -9 1
-9 1 -9 1 1 1 1 1
1 1 -9 -9 name
133 0 55 1 -9 -9 -9
-9 4 140 1 217 -9 0 0
0 -9 0 0 1 27 82 0
1 1 0 0 1 5.5 5.5 7
111 68 150 90 140 90 1 0
5.6 3 -9 176 0 -9 -9 -9
-9 -9 -9 7 -9 -9 -9 1
28 82 3 1 2 2 -9 2
-9 2 -9 1 2 1 1 1
1 1 -9 -9 name
134 0 65 1 -9 -9 -9
-9 1 138 1 282 -9 20 7
1 -9 1 2 11 10 81 0
0 0 0 0 1 10 9 12
174 72 162 80 138 90 0 0
1.4 2 -9 83 1 -9 -9 -9
-9 -9 -9 3 -9 -9 -9 11
11 81 1 1 1 2 -9 1
-9 1 -9 1 1 1 1 1
1 1 -9 -9 name
135 0 45 0 -9 -9 -9
-9 2 130 0 234 -9 0 0
0 -9 1 2 6 17 82 0
1 0 0 0 1 7.6 -9 9
175 87 145 90 130 95 0 0
0.6 2 -9 90 0 -9 -9 -9
-9 -9 -9 3 -9 -9 -9 7
1 82 0 1 1 1 -9 1
-9 1 -9 1 1 1 1 1
1 4 -9 -9 name
136 0 56 0 -9 -9 -9
-9 4 200 0 288 -9 0 0
1 1 1 2 8 20 81 0
0 0 0 0 1 5.1 5.1 3
133 68 200 80 200 90 1 0
4 3 -9 210 2 -9 -9 -9
-9 -9 -9 7 -9 -9 -9 8
21 81 3 1 1 2 -9 2
-9 2 -9 1 2 1 1 1
1 1 -9 -9 name
137 0 54 1 -9 -9 -9
-9 4 110 0 239 -9 0 0
0 -9 0 0 12 7 81 0
1 1 0 1 1 9.5 6 12
126 57 165 70 110 80 1 0
2.8 2 -9 88 1 -9 -9 -9
-9 -9 -9 7 -9 -9 -9 12
8 81 3 1 2 2 -9 1
-9 2 -9 1 2 1 1 1
1 1 -9 -9 name
138 0 44 1 -9 -9 -9
-9 2 120 1 220 -9 40 20
0 -9 0 0 9 13 82 0
0 0 0 0 1 13 0 16
170 78 158 58 120 70 0 0
0 1 -9 92 0 -9 -9 -9
-9 -9 -9 3 -9 -9 -9 9
14 82 0 1 1 1 -9 1
-9 1 -9 1 1 1 1 1
1 2 -9 -9 name
139 0 62 0 -9 -9 -9
-9 4 124 1 209 -9 0 0
0 -9 1 0 8 9 82 0
0 0 0 0 1 8.1 3 8
163 72 154 80 124 78 0 0
0 1 -9 96 0 -9 -9 -9
-9 -9 -9 3 -9 -9 -9 7
23 82 0 1 1 1 -9 1
-9 1 -9 1 1 1 1 1
1 2 -9 -9 name
141 0 54 1 -9 -9 -9
-9 3 120 0 258 -9 0 0
0 -9 1 2 7 16 82 0
0 0 1 0 1 10.4 0 13
147 66 140 100 120 95 0 0
0.4 2 -9 92 0 -9 -9 -9
-9 -9 -9 7 -9 -9 -9 7
19 82 0 1 1 1 -9 1
-9 1 -9 1 1 1 1 1
1 1 -9 -9 name
142 0 51 1 -9 -9 -9
-9 3 94 1 227 -9 30 36
0 -9 0 0 8 18 82 0
0 0 0 0 1 7.3 0 9
154 83 124 70 94 72 1 0
0 1 -9 35 1 -9 -9 -9
-9 -9 -9 7 -9 -9 -9 8
20 82 0 1 1 1 -9 1
-9 1 -9 1 1 1 1 1
1 1 -9 -9 name
143 0 29 1 -9 -9 -9
-9 2 130 1 204 -9 2 6
0 1 0 2 8 13 82 0
0 0 0 0 1 13 0 16
202 53 180 70 130 90 0 0
0 1 -9 73 0 -9 -9 -9
-9 -9 -9 3 -9 -9 -9 8
16 82 0 1 1 1 -9 1
-9 1 -9 1 1 1 1 1
1 2 -9 -9 name
144 0 51 1 -9 -9 -9
-9 4 140 0 261 -9 0 0
0 -9 1 2 8 10 82 0
0 0 0 1 1 9.5 3 11
186 90 220 110 140 90 1 0
0 1 -9 123 0 -9 -9 -9
-9 -9 -9 3 -9 -9 -9 8
11 82 0 1 1 1 -9 1
-9 1 -9 1 1 1 1 1
1 1 -9 -9 name
145 0 43 0 -9 -9 -9
-9 3 122 1 213 -9 25 20
0 -9 1 0 8 19 82 0
0 0 0 0 1 14 12 16
165 62 140 80 122 78 0 0
0.2 2 -9 28 0 -9 -9 -9
-9 -9 -9 3 -9 -9 -9 8
20 82 0 1 1 1 -9 1
-9 1 -9 1 1 1 1 1
1 1 -9 -9 name
146 0 55 0 -9 -9 -9
-9 2 135 0 250 -9 30 30
0 -9 0 2 8 4 82 0
0 1 0 1 1 6 3 8
161 98 175 80 135 85 0 0
1.4 2 -9 227 0 -9 -9 -9
-9 -9 -9 3 -9 -9 -9 8
5 82 0 1 1 1 -9 1
-9 1 -9 1 1 1 1 1
1 1 -9 -9 name
147 0 70 1 -9 -9 -9
-9 4 145 1 174 -9 20 30
0 -9 1 0 7 27 82 0
1 1 0 0 1 6 6 7
125 40 152 75 145 80 1 0
2.6 3 -9 130 0 -9 -9 -9
-9 -9 -9 7 -9 -9 -9 7
28 82 4 2 1 1 -9 1
-9 2 -9 1 2 1 1 1
1 1 -9 -9 name
148 0 62 1 -9 -9 -9
-9 2 120 1 281 -9 20 25
0 -9 1 2 7 19 82 0
0 0 0 0 1 5.5 5.5 7
103 65 152 75 120 80 0 0
1.4 2 -9 158 1 -9 -9 -9
-9 -9 -9 7 -9 -9 -9 7
26 82 3 1 1 2 -9 2
-9 1 -9 1 2 1 1 1
1 1 -9 -9 name
149 0 35 1 -9 -9 -9
-9 4 120 0 198 -9 0 0
0 -9 0 0 8 11 82 0
1 0 0 1 1 10 9 12
130 61 165 78 120 88 1 0
1.6 2 -9 80 0 -9 -9 -9
-9 -9 -9 7 -9 -9 -9 8
12 82 1 1 1 2 -9 1
-9 1 -9 1 1 1 1 1
1 1 -9 -9 name
150 0 51 1 -9 -9 -9
-9 3 125 0 245 -9 0 0
1 -9 0 2 9 29 82 0
0 0 0 1 1 9.3 9.3 11
166 80 185 85 125 102 0 0
2.4 2 -9 166 0 -9 -9 -9
-9 -9 -9 3 -9 -9 -9 9
30 82 0 1 1 1 -9 1
-9 1 -9 1 1 1 1 1
1 1 -9 -9 name
151 0 59 1 -9 -9 -9
-9 2 140 0 221 -9 20 40
0 -9 1 0 8 16 82 0
0 1 0 0 1 10.1 0 12
164 79 165 95 140 105 1 0
0 1 -9 80 0 -9 -9 -9
-9 -9 -9 3 -9 -9 -9 8
17 82 0 1 1 1 -9 1
-9 1 -9 1 1 1 1 1
1 1 -9 -9 name
152 0 59 1 -9 -9 -9
-9 1 170 0 288 -9 0 0
0 -9 0 2 8 23 82 0
0 0 0 1 1 12.4 0 15
159 71 230 75 170 90 0 0
0.2 2 -9 158 0 -9 -9 -9
-9 -9 -9 7 -9 -9 -9 8
30 82 1 1 1 1 -9 1
-9 1 -9 1 2 1 1 1
1 1 -9 -9 name
153 0 52 1 -9 -9 -9
-9 2 128 1 205 -9 20 37
1 1 0 0 10 13 82 0
0 0 1 0 1 11 0 15
184 96 182 68 128 78 0 0
0 1 -9 101 0 -9 -9 -9
-9 -9 -9 3 -9 -9 -9 10
14 82 0 1 1 1 -9 1
-9 1 -9 1 1 1 1 1
1 1 -9 -9 name
154 0 64 1 -9 -9 -9
-9 3 125 1 309 -9 20 30
0 1 0 0 11 2 82 0
1 1 0 0 1 7 6 8
131 67 175 60 125 70 1 0
1.8 2 -9 110 0 -9 -9 -9
-9 -9 -9 7 -9 -9 -9 11
3 82 1 1 1 1 -9 2
-9 1 -9 1 1 1 1 1
1 1 -9 -9 name
156 0 58 1 -9 -9 -9
-9 3 105 1 240 -9 20 40
0 -9 1 2 10 29 82 1
0 0 0 0 1 6.5 6 7
154 102 150 78 105 80 1 0
0.6 2 -9 97 0 -9 -9 -9
-9 -9 -9 7 -9 -9 -9 11
1 82 0 1 1 1 -9 1
-9 1 -9 1 1 1 1 1
1 3 -9 -9 name
158 0 47 1 -9 -9 -9
-9 3 108 1 243 -9 0 0
0 1 1 0 11 4 82 0
0 0 0 0 1 11 0 14
152 52 148 75 108 75 0 0
0 1 -9 115 0 -9 -9 -9
-9 -9 -9 3 -9 -9 -9 11
5 82 1 1 1 1 -9 1
-9 1 -9 2 1 1 1 1
1 1 -9 -9 name
159 0 57 1 -9 -9 -9
-9 4 165 0 289 -9 70 38
1 1 1 2 12 2 82 0
0 0 0 0 1 6.1 4 7
124 102 190 85 165 100 0 0
1 2 -9 115 3 -9 -9 -9
-9 -9 -9 7 -9 -9 -9 12
3 82 4 2 2 1 -9 2
-9 2 -9 2 2 1 1 1
1 1 -9 -9 name
160 0 41 1 -9 -9 -9
-9 3 112 1 250 -9 20 20
0 -9 0 0 10 27 82 0
0 0 0 0 1 13.3 12 14
179 80 148 45 112 68 0 0
0 1 -9 132 0 -9 -9 -9
-9 -9 -9 3 -9 -9 -9 10
28 82 0 1 1 1 -9 1
-9 1 -9 1 1 1 1 1
1 1 -9 -9 name
161 0 45 1 -9 -9 -9
-9 2 128 0 308 -9 0 0
0 -9 1 2 10 22 82 0
0 0 0 0 1 12 9 16
170 86 168 80 128 90 0 0
0 1 -9 125 0 -9 -9 -9
-9 -9 -9 3 -9 -9 -9 10
25 82 0 1 1 1 -9 1
-9 1 -9 1 1 1 1 1
1 1 -9 -9 name
162 0 60 0 -9 -9 -9
-9 3 102 0 318 -9 0 0
0 -9 0 0 12 1 82 0
0 0 0 1 1 9 0 10
160 89 152 80 102 80 0 0
0 1 -9 220 1 -9 -9 -9
-9 -9 -9 3 -9 -9 -9 12
2 82 0 1 1 1 -9 1
-9 1 -9 1 1 1 1 1
1 1 -9 -9 name
165 0 52 1 -9 -9 -9
-9 1 152 1 298 -9 0 0
1 -9 1 0 9 22 82 0
0 0 0 0 1 11 11 12
178 112 180 62 152 84 0 0
1.2 2 -9 145 0 -9 -9 -9
-9 -9 -9 7 -9 -9 -9 9
23 82 0 1 1 1 -9 1
-9 1 -9 1 1 1 1 1
1 1 -9 -9 name
166 0 42 0 -9 -9 -9
-9 4 102 1 265 -9 0 0
0 -9 1 2 1 12 83 0
1 1 1 1 1 8.5 0 9
122 74 152 70 102 72 0 0
0.6 2 -9 100 0 -9 -9 -9
-9 -9 -9 3 -9 -9 -9 1
13 83 0 1 1 1 -9 1
-9 1 -9 1 1 1 1 1
1 1 -9 -9 name
167 0 67 0 -9 -9 -9
-9 3 115 1 564 -9 0 0
0 -9 0 2 12 17 82 0
0 1 0 0 1 9 6 10
160 80 188 80 115 82 0 0
1.6 2 -9 130 0 -9 -9 -9
-9 -9 -9 7 -9 -9 -9 12
20 82 0 1 1 1 -9 1
-9 1 -9 1 1 1 1 1
1 1 -9 -9 name
168 0 55 1 -9 -9 -9
-9 4 160 0 289 -9 20 25
0 -9 0 2 1 4 83 0
0 0 0 0 1 6 3 7
145 80 180 118 160 95 1 0
0.8 2 -9 118 1 -9 -9 -9
-9 -9 -9 7 -9 -9 -9 1
5 83 4 2 1 2 -9 1
-9 2 -9 1 1 1 1 1
1 1 -9 -9 name
169 0 64 1 -9 -9 -9
-9 4 120 1 246 -9 0 0
0 -9 1 2 12 28 82 0
0 1 0 0 1 8 3 9
96 73 152 90 120 85 1 0
2.2 3 -9 176 1 -9 -9 -9
-9 -9 -9 3 -9 -9 -9 12
29 82 3 1 1 2 -9 1
-9 2 -9 1 2 1 1 1
1 1 -9 -9 name
170 0 70 1 -9 -9 -9
-9 4 130 1 322 -9 30 41
0 -9 1 2 1 6 83 0
0 0 1 0 1 3.4 3 7
109 65 160 78 130 85 0 0
2.4 2 -9 150 3 -9 -9 -9
-9 -9 -9 3 -9 -9 -9 1
7 83 1 1 1 1 -9 2
-9 1 -9 1 1 1 1 1
8 1 -9 -9 name
171 0 51 1 -9 -9 -9
-9 4 140 1 299 -9 30 30
0 -9 0 0 11 22 82 0
1 0 0 0 1 11 6 13
173 74 196 88 140 94 1 0
1.6 1 -9 152 0 -9 -9 -9
-9 -9 -9 7 -9 -9 -9 11
24 82 1 1 1 1 -9 1
-9 1 -9 1 2 1 1 1
1 1 -9 -9 name
172 0 58 1 -9 -9 -9
-9 4 125 1 300 -9 10 18
0 -9 1 2 12 15 82 0
1 1 0 0 1 12 6 14
171 90 180 60 125 80 0 0
0 1 -9 190 2 -9 -9 -9
-9 -9 -9 7 -9 -9 -9 12
16 82 1 1 1 1 -9 1
-9 1 -9 2 2 1 1 1
7 2 -9 -9 name
173 0 60 1 -9 -9 -9
-9 4 140 1 293 -9 30 48
0 -9 1 2 11 18 82 0
0 0 0 0 1 6 3 8
170 94 205 85 140 90 0 0
1.2 2 -9 103 2 -9 -9 -9
-9 -9 -9 7 -9 -9 -9 11
19 82 2 1 1 2 -9 1
-9 1 -9 2 1 1 1 1
1 2 -9 -9 name
174 0 68 1 -9 -9 -9
-9 3 118 1 277 -9 2 -9
0 -9 0 0 1 25 83 0
0 0 0 0 1 10.2 0 12
151 64 162 60 118 70 0 0
1 1 -9 158 1 -9 -9 -9
-9 -9 -9 7 -9 -9 -9 1
26 83 0 1 1 1 -9 1
-9 1 -9 1 1 1 1 1
1 1 -9 -9 name
175 0 46 1 -9 -9 -9
-9 2 101 0 197 -9 30 25
1 -9 0 0 2 21 83 0
1 0 0 1 1 14.4 0 13
156 74 160 60 101 70 0 0
0 1 -9 145 0 -9 -9 -9
-9 -9 -9 7 -9 -9 -9 2
28 83 0 1 1 1 -9 1
-9 1 -9 1 1 1 1 1
1 1 -9 -9 name
177 0 77 1 -9 -9 -9
-9 4 125 1 304 -9 10 15
0 -9 1 2 2 16 83 0
1 0 0 0 1 4.5 3 7
162 101 165 88 125 80 1 0
0 1 -9 30 3 -9 -9 -9
-9 -9 -9 3 -9 -9 -9 2
17 83 4 2 1 2 -9 2
-9 2 -9 2 1 1 1 1
1 1 -9 -9 name
178 0 54 0 -9 -9 -9
-9 3 110 1 214 -9 0 0
0 -9 1 0 1 21 83 0
0 0 0 0 1 9.2 9 13
158 63 148 60 110 64 0 0
1.6 2 -9 148 0 -9 -9 -9
-9 -9 -9 3 -9 -9 -9 1
24 83 0 1 1 1 -9 1
-9 1 -9 1 1 1 1 1
1 1 -9 -9 name
179 0 58 0 -9 -9 -9
-9 4 100 1 248 -9 0 0
0 -9 0 2 4 20 83 0
1 1 0 0 1 6 0 5
122 98 112 80 100 74 0 0
1 2 -9 50 0 -9 -9 -9
-9 -9 -9 3 -9 -9 -9 4
21 83 0 1 1 1 -9 1
-9 1 -9 1 1 1 1 1
1 1 -9 -9 name
180 0 48 1 -9 -9 -9
-9 3 124 0 255 -9 20 25
1 -9 0 0 3 7 83 0
1 0 0 1 1 9.5 0 11
175 73 190 80 124 90 0 0
0 1 -9 110 2 -9 -9 -9
-9 -9 -9 3 -9 -9 -9 3
8 83 0 1 1 1 -9 1
-9 1 -9 1 1 1 1 1
1 1 -9 -9 name
181 0 57 1 -9 -9 -9
-9 4 132 1 207 -9 20 15
0 -9 1 0 4 5 83 1
0 1 0 0 1 7 3 7
168 73 180 74 132 98 1 0
0 1 -9 170 0 -9 -9 -9
-9 -9 -9 7 -9 -9 -9 4
6 83 0 1 1 1 -9 1
-9 1 -9 1 1 1 1 1
1 1 -9 -9 name
182 0 52 1 -9 -9 -9
-9 3 138 1 223 -9 50 30
0 -9 1 0 3 31 83 0
0 1 1 0 1 11 0 12
169 63 190 70 138 94 0 0
0 1 -9 90 -9 -9 -9 -9
-9 -9 -9 3 -9 -9 -9 4
1 83 0 1 1 1 -9 1
-9 1 -9 1 1 1 1 1
1 1 -9 -9 name
183 0 54 0 -9 -9 -9
-9 2 132 1 288 -9 0 0
1 -9 0 2 3 31 83 0
0 0 1 0 1 9 0 10
159 89 190 70 132 80 1 0
0 1 -9 140 1 -9 -9 -9
-9 -9 -9 3 -9 -9 -9 4
1 83 0 1 1 1 -9 1
-9 1 -9 1 1 1 1 1
1 1 -9 -9 name
184 0 35 1 -9 -9 -9
-9 4 126 0 282 -9 60 18
0 -9 0 2 10 19 82 0
0 0 0 0 1 8.5 8.5 9
156 75 168 65 126 80 1 0
0 1 -9 155 0 -9 -9 -9
-9 -9 -9 7 -9 -9 -9 10
20 82 1 1 1 2 -9 1
-9 1 -9 1 1 1 1 1
1 1 -9 -9 name
185 0 45 0 -9 -9 -9
-9 2 112 0 160 -9 0 0
0 -9 0 0 10 12 82 0
0 0 0 0 1 7 0 9
138 101 84 60 112 82 0 1
0 2 -9 95 0 -9 -9 -9
-9 -9 -9 3 -9 -9 -9 10
13 82 0 1 1 1 -9 1
-9 1 -9 1 1 1 1 1
1 1 -9 -9 name
186 0 70 1 -9 -9 -9
-9 3 160 1 269 -9 0 0
0 -9 0 0 8 30 82 0
0 0 0 0 1 5.3 3 8
112 60 180 75 160 90 1 0
2.9 2 -9 137 1 -9 -9 -9
-9 -9 -9 7 -9 -9 -9 8
31 82 3 1 1 2 -9 2
-9 2 -9 1 2 1 1 1
3 2 -9 -9 name
187 0 53 1 -9 -9 -9
-9 4 142 1 226 -9 40 30
0 -9 1 2 8 24 82 0
0 0 0 0 1 7.5 0 8
111 58 192 80 142 76 1 0
0 1 -9 140 0 -9 -9 -9
-9 -9 -9 7 -9 -9 -9 8
25 82 0 1 1 1 -9 1
-9 1 -9 1 1 1 1 1
1 1 -9 -9 name
188 0 59 0 -9 -9 -9
-9 4 174 1 249 -9 0 0
0 1 0 0 10 7 82 0
0 0 0 0 1 4 4 5
143 74 200 82 174 92 1 0
0 2 -9 47 0 -9 -9 -9
-9 -9 -9 3 -9 -9 -9 10
8 82 1 1 1 1 -9 1
-9 2 -9 1 1 1 1 5
7 1 -9 -9 name
189 0 62 0 -9 -9 -9
-9 4 140 0 394 -9 0 0
0 -9 1 2 1 10 83 0
0 1 0 1 1 6.4 6.3 9
157 65 170 78 140 90 0 0
1.2 2 -9 120 0 -9 -9 -9
-9 -9 -9 3 -9 -9 -9 1
11 83 0 1 1 1 -9 1
-9 1 -9 1 1 1 1 1
1 1 -9 -9 name
190 0 64 1 -9 -9 -9
-9 4 145 1 212 -9 25 10
0 -9 0 2 8 20 83 0
0 1 0 0 1 4.5 3 6
132 64 180 90 145 90 0 0
2 2 -9 178 2 -9 -9 -9
-9 -9 -9 6 -9 -9 -9 8
23 82 4 2 1 2 -9 2
-9 1 -9 1 1 1 1 5
3 2 -9 -9 name
191 0 57 1 -9 -9 -9
-9 4 152 1 274 -9 40 20
0 -9 1 0 2 8 83 0
1 1 1 0 1 4.7 4.7 6
88 53 164 80 152 82 1 0
1.2 2 -9 170 1 -9 -9 -9
-9 -9 -9 7 -9 -9 -9 2
9 83 1 1 1 1 -9 2
-9 1 -9 1 1 1 1 1
1 1 -9 -9 name
192 0 52 1 -9 -9 -9
-9 4 108 1 233 -9 20 35
1 -9 0 0 5 10 83 0
0 1 1 0 1 8.5 0 9
147 74 164 56 108 60 0 0
0.1 1 -9 90 3 -9 -9 -9
-9 -9 -9 7 -9 -9 -9 5
10 83 0 1 1 1 -9 1
-9 1 -9 1 1 1 1 1
1 1 -9 -9 name
193 0 56 1 -9 -9 -9
-9 4 132 1 184 -9 40 20
0 -9 1 2 2 1 83 0
0 1 0 0 1 6 6 7
105 61 182 66 132 80 1 0
2.1 2 -9 230 1 -9 -9 -9
-9 -9 -9 6 -9 -9 -9 2
2 83 1 1 1 2 -9 1
-9 1 -9 1 1 1 1 1
1 1 -9 -9 name
194 0 43 1 -9 -9 -9
-9 3 130 1 315 -9 30 20
0 -9 1 0 2 14 83 0
0 0 0 0 1 10 9 12
162 94 174 70 130 86 0 0
1.9 1 -9 206 1 -9 -9 -9
-9 -9 -9 3 -9 -9 -9 2
15 83 0 1 1 1 -9 1
-9 1 -9 1 1 1 1 1
1 1 -9 -9 name
195 0 53 1 -9 -9 -9
-9 3 130 0 246 -9 20 15
1 -9 1 2 1 20 83 0
0 0 0 1 1 12 0 14
173 71 170 74 130 80 0 0
0 1 -9 130 3 -9 -9 -9
-9 -9 -9 3 -9 -9 -9 1
21 83 0 1 1 1 -9 1
-9 1 -9 1 1 1 1 1
1 2 -9 -9 name
196 0 48 1 -9 -9 -9
-9 4 124 0 274 -9 20 10
0 -9 1 2 2 15 83 0
1 0 1 1 1 11 11 14
166 69 144 84 124 94 0 0
0.5 2 -9 58 0 -9 -9 -9
-9 -9 -9 7 -9 -9 -9 2
16 83 3 1 1 2 -9 1
-9 2 -9 2 1 1 1 1
1 1 -9 -9 name
197 0 56 0 -9 -9 -9
-9 4 134 1 409 -9 0 0
0 -9 1 2 11 8 82 0
0 1 0 0 1 3.6 2.5 5
150 89 180 110 134 90 1 0
1.9 2 -9 110 2 -9 -9 -9
-9 -9 -9 7 -9 -9 -9 11
9 82 2 1 1 2 -9 1
-9 1 -9 2 1 1 1 1
1 1 -9 -9 name
199 0 42 1 -9 -9 -9
-9 1 148 0 244 -9 -9 1
0 -9 0 2 6 20 83 0
0 0 0 0 1 13 9 14
178 73 182 90 148 98 0 0
0.8 1 -9 106 2 -9 -9 -9
-9 -9 -9 3 -9 -9 -9 6
21 83 0 1 1 1 -9 1
-9 1 -9 1 1 1 1 1
1 1 -9 -9 name
200 0 59 1 -9 -9 -9
-9 1 178 1 270 -9 0 0
0 -9 1 2 6 9 83 0
0 1 0 0 1 8.2 3 9
145 57 189 80 178 100 0 0
4.2 3 -9 222 0 -9 -9 -9
-9 -9 -9 7 -9 -9 -9 6
10 83 0 1 1 1 -9 1
-9 1 -9 1 1 1 1 1
1 2 -9 -9 name
201 0 60 0 -9 -9 -9
-9 4 158 0 305 -9 0 0
0 -9 0 2 6 7 83 0
0 1 0 0 1 9 -9 10
161 78 180 78 158 90 0 0
0 1 -9 135 0 -9 -9 -9
-9 -9 -9 3 -9 -9 -9 6
10 83 1 1 2 1 -9 1
-9 1 -9 1 1 1 1 1
1 1 -9 -9 name
202 0 63 0 -9 -9 -9
-9 2 140 0 195 -9 2 20
0 -9 1 0 6 16 83 0
0 0 0 0 1 9 0 10
179 119 196 50 140 80 0 0
0 1 -9 160 2 -9 -9 -9
-9 -9 -9 3 -9 -9 -9 6
17 83 0 1 1 1 -9 1
-9 1 -9 1 1 1 1 1
1 1 -9 -9 name
203 0 42 1 -9 -9 -9
-9 3 120 1 240 -9 10 17
1 -9 1 0 6 13 83 0
1 0 0 0 1 9.3 0 11
194 74 170 75 120 90 0 0
0.8 3 -9 68 0 -9 -9 -9
-9 -9 -9 7 -9 -9 -9 6
14 83 0 1 1 1 -9 1
-9 1 -9 1 1 1 1 1
1 1 -9 -9 name
204 0 66 1 -9 -9 -9
-9 2 160 1 246 -9 0 0
0 1 0 0 6 28 83 0
1 1 0 0 1 9 9 10
120 52 188 90 160 100 1 0
0 2 -9 90 3 -9 -9 -9
-9 -9 -9 6 -9 -9 -9 6
29 83 2 1 1 1 -9 1
-9 2 -9 1 2 1 1 1
1 1 -9 -9 name
205 0 54 1 -9 -9 -9
-9 2 192 1 283 -9 35 25
0 -9 1 2 6 7 83 0
0 1 0 0 1 10 10 11
195 92 192 90 192 100 0 0
0 1 -9 120 1 -9 -9 -9
-9 -9 -9 7 -9 -9 -9 6
8 83 1 1 1 1 -9 1
-9 2 -9 1 1 1 1 1
1 2 -9 -9 name
206 0 69 1 -9 -9 -9
-9 3 140 1 254 -9 1 30
0 -9 1 2 6 29 83 0
0 0 0 0 1 9 9 10
146 57 162 68 140 80 0 0
2 2 -9 138 3 -9 -9 -9
-9 -9 -9 7 -9 -9 -9 6
30 83 2 1 1 1 -9 1
-9 2 -9 1 2 1 1 1
1 1 -9 -9 name
207 0 50 1 -9 -9 -9
-9 3 129 1 196 -9 20 28
0 -9 0 0 6 13 83 0
0 0 0 0 1 11.2 -9 12
163 80 170 60 129 90 0 0
0 1 -9 157 0 -9 -9 -9
-9 -9 -9 3 -9 -9 -9 6
14 83 0 1 1 1 -9 1
-9 1 -9 1 1 1 1 1
1 1 -9 -9 name
208 0 51 1 -9 -9 -9
-9 4 140 1 298 -9 0 0
0 -9 0 0 7 11 83 0
0 1 0 0 1 6.5 2 7
122 90 170 75 140 90 1 0
4.2 2 -9 144 3 -9 -9 -9
-9 -9 -9 7 -9 -9 -9 7
12 83 3 1 1 2 -9 2
-9 1 -9 2 1 1 1 1
1 2 -9 -9 name
209 0 43 1 -9 -9 -9
-9 4 132 1 247 -9 35 20
1 -9 1 2 7 29 83 0
1 0 1 0 1 4 3 5
143 70 138 80 132 88 1 0
0.1 2 -9 160 -9 -9 -9 -9
-9 -9 -9 7 -9 -9 -9 8
1 83 1 1 2 2 -9 1
-9 1 -9 1 1 1 1 4
2 4 -9 -9 name
210 0 62 0 -9 -9 -9
-9 4 138 0 294 -9 20 25
1 -9 1 0 8 2 83 0
1 1 0 1 1 4 3.6 5
106 68 170 90 138 100 0 0
1.9 2 -9 108 3 -9 -9 -9
-9 -9 -9 3 -9 -9 -9 8
3 83 2 1 2 2 -9 1
-9 1 -9 2 2 1 1 1
2 2 -9 -9 name
211 0 68 0 -9 -9 -9
-9 3 120 1 211 -9 9 20
0 -9 1 2 8 4 83 1
1 1 0 0 1 5 4.8 6
115 64 145 70 120 80 0 0
1.5 2 -9 60 0 -9 -9 -9
-9 -9 -9 3 -9 -9 -9 8
5 83 0 1 1 1 -9 1
-9 1 -9 1 1 1 1 1
1 1 -9 -9 name
212 0 67 1 -9 -9 -9
-9 4 100 1 299 -9 -9 -9
0 -9 1 2 7 27 83 0
1 1 0 0 1 3.4 3 5
125 75 128 65 100 70 1 0
0.9 2 -9 73 2 -9 -9 -9
-9 -9 -9 3 -9 -9 -9 7
28 83 3 1 1 2 -9 2
-9 2 -9 2 1 1 1 1
1 1 -9 -9 name
213 0 69 1 -9 -9 -9
-9 1 160 1 234 -9 0 0
1 1 0 2 7 25 83 0
0 0 0 0 1 8 -9 9
131 64 224 80 160 88 0 0
0.1 2 -9 118 1 -9 -9 -9
-9 -9 -9 3 -9 -9 -9 7
26 83 0 1 1 1 -9 1
-9 1 -9 1 1 1 1 1
1 1 -9 -9 name
214 0 45 0 -9 -9 -9
-9 4 138 1 236 -9 3 5
0 -9 1 2 8 10 83 0
0 0 1 0 1 9.2 -9 9
152 78 140 70 138 80 1 0
0.2 2 -9 179 0 -9 -9 -9
-9 -9 -9 3 -9 -9 -9 8
11 83 0 1 1 1 -9 1
-9 1 -9 1 1 1 1 1
1 2 -9 -9 name
215 0 50 0 -9 -9 -9
-9 2 120 1 244 -9 20 34
0 -9 1 0 8 8 83 0
0 1 0 0 1 7.5 6 8
162 85 180 85 120 90 0 0
1.1 1 -9 160 0 -9 -9 -9
-9 -9 -9 3 -9 -9 -9 8
9 83 0 1 1 1 -9 1
-9 1 -9 1 1 1 1 1
1 2 -9 -9 name
216 0 59 1 -9 -9 -9
-9 1 160 1 273 -9 20 30
0 -9 1 2 8 11 83 0
1 0 0 0 1 9 -9 10
125 71 190 80 160 90 0 0
0 1 -9 115 0 -9 -9 -9
-9 -9 -9 3 -9 -9 -9 8
12 83 1 1 1 1 -9 1
-9 1 -9 1 2 1 1 1
1 1 -9 -9 name
217 0 50 0 -9 -9 -9
-9 4 110 1 254 -9 10 35
0 -9 1 2 9 6 83 0
0 0 0 0 1 9.7 -9 10
159 60 152 60 110 70 0 0
0 1 -9 75 0 -9 -9 -9
-9 -9 -9 3 -9 -9 -9 9
7 83 0 1 1 1 -9 1
-9 1 -9 1 1 1 1 1
1 1 -9 -9 name
218 0 64 0 -9 -9 -9
-9 4 180 1 325 -9 10 50
0 -9 1 0 8 26 83 0
0 0 0 0 1 7.8 7 8
154 91 210 98 180 100 1 0
0 1 -9 121 0 -9 -9 -9
-9 -9 -9 3 -9 -9 -9 8
29 83 0 1 1 1 -9 1
-9 1 -9 1 1 1 1 1
1 1 -9 -9 name
219 0 57 1 -9 -9 -9
-9 3 150 0 126 -9 0 0
1 -9 1 0 8 23 83 0
0 0 0 0 1 11 -9 12
173 86 200 80 150 80 0 0
0.2 1 -9 180 1 -9 -9 -9
-9 -9 -9 7 -9 -9 -9 8
24 83 0 1 1 1 -9 1
-9 1 -9 1 1 1 1 1
1 1 -9 -9 name
220 0 64 0 -9 -9 -9
-9 3 140 1 313 -9 20 40
0 -9 1 0 8 30 83 0
0 0 0 0 1 6 -9 7
133 85 146 82 140 78 0 0
0.2 1 -9 125 0 -9 -9 -9
-9 -9 -9 7 -9 -9 -9 8
31 83 0 1 1 1 -9 1
-9 1 -9 1 1 1 1 1
1 1 -9 -9 name
221 0 43 1 -9 -9 -9
-9 4 110 1 211 -9 10 20
0 -9 1 0 8 29 83 0
1 0 0 0 1 11.5 -9 12
161 59 160 60 110 76 0 0
0 1 -9 75 0 -9 -9 -9
-9 -9 -9 7 -9 -9 -9 8
30 83 0 1 1 1 -9 1
-9 1 -9 1 1 1 1 1
1 1 -9 -9 name
222 0 45 1 -9 -9 -9
-9 4 142 1 309 -9 0 0
0 -9 0 2 8 17 83 0
0 0 0 0 1 11 -9 12
147 73 160 70 142 80 1 0
0 2 -9 87 3 -9 -9 -9
-9 -9 -9 7 -9 -9 -9 8
18 83 3 1 1 2 -9 2
-9 1 -9 2 1 1 1 1
1 1 -9 -9 name
223 0 58 1 -9 -9 -9
-9 4 128 1 259 -9 15 15
0 -9 0 2 9 1 83 0
0 0 0 0 1 4 3 5
130 56 165 100 128 90 1 0
3 2 -9 130 2 -9 -9 -9
-9 -9 -9 7 -9 -9 -9 9
2 83 3 1 2 1 -9 1
-9 2 -9 1 2 1 1 2
5 1 -9 -9 name
224 0 50 1 -9 -9 -9
-9 4 144 1 200 -9 0 0
0 -9 1 2 8 16 83 -9
-9 -9 -9 -9 1 5.5 3 6
126 92 154 60 144 80 1 0
0.9 2 -9 105 0 -9 -9 -9
-9 -9 -9 7 -9 -9 -9 8
17 83 3 1 2 1 -9 1
-9 2 -9 2 1 1 1 1
1 1 -9 -9 name
225 0 55 1 -9 -9 -9
-9 2 130 1 262 -9 10 6
0 -9 1 0 9 21 83 0
0 0 0 0 1 12.5 -9 14
155 76 162 65 130 85 0 0
0 1 -9 190 0 -9 -9 -9
-9 -9 -9 3 -9 -9 -9 9
22 83 0 1 1 1 -9 1
-9 1 -9 1 1 1 1 1
1 1 -9 -9 name
226 0 62 0 -9 -9 -9
-9 4 150 1 244 -9 0 0
0 -9 1 0 9 26 83 0
1 1 0 0 1 3.1 3 5
154 79 150 76 150 78 1 0
1.4 2 -9 71 0 -9 -9 -9
-9 -9 -9 3 -9 -9 -9 9
27 83 1 1 2 1 -9 1
-9 1 -9 1 1 1 1 1
1 1 -9 -9 name
227 0 37 0 -9 -9 -9
-9 3 120 1 215 -9 0 0
0 -9 1 0 9 15 83 0
1 0 0 0 1 9 -9 10
170 78 165 65 120 80 0 0
0 1 -9 104 0 -9 -9 -9
-9 -9 -9 3 -9 -9 -9 10
6 83 0 1 1 1 -9 1
-9 1 -9 1 1 1 1 1
1 1 -9 -9 name
228 0 38 1 -9 -9 -9
-9 1 120 1 231 -9 30 20
0 -9 1 0 8 24 83 0
0 0 0 0 1 9.2 9 10
182 70 160 68 120 68 1 0
3.8 2 -9 97 0 -9 -9 -9
-9 -9 -9 7 -9 -9 -9 8
25 83 4 2 1 2 -9 1
-9 1 -9 1 1 1 1 1
1 2 -9 -9 name
229 0 41 1 -9 -9 -9
-9 3 130 1 214 -9 0 0
0 -9 1 2 10 17 83 0
1 0 0 0 1 12 -9 12
168 72 186 78 130 80 0 0
2 2 -9 105 0 -9 -9 -9
-9 -9 -9 3 -9 -9 -9 10
18 83 0 1 1 1 -9 1
-9 1 -9 1 1 1 1 1
1 1 -9 -9 name
230 0 66 0 -9 -9 -9
-9 4 178 1 228 -9 0 0
1 1 1 0 2 18 83 0
0 0 0 0 1 5 5 6
165 88 185 90 178 100 1 0
1 2 -9 117 2 -9 -9 -9
-9 -9 -9 7 -9 -9 -9 2
21 83 3 1 1 2 -9 2
-9 1 -9 2 1 1 1 1
1 1 -9 -9 name
231 0 52 1 -9 -9 -9
-9 4 112 0 230 -9 0 0
0 -9 1 0 10 13 83 0
1 0 0 0 1 13 -9 14
160 59 182 74 112 80 0 0
0 1 -9 105 1 -9 -9 -9
-9 -9 -9 3 -9 -9 -9 10
14 83 1 1 1 2 -9 1
-9 1 -9 1 1 1 1 1
1 1 -9 -9 name
232 0 56 1 -9 -9 -9
-9 1 120 1 193 -9 40 38
0 -9 1 2 10 6 83 0
0 0 0 0 1 9.5 9.5 10
162 77 174 68 120 70 0 0
1.9 2 -9 100 0 -9 -9 -9
-9 -9 -9 7 -9 -9 -9 10
7 83 0 1 1 1 -9 1
-9 1 -9 1 1 1 1 1
1 1 -9 -9 name
233 0 46 0 -9 -9 -9
-9 2 105 1 204 -9 40 20
0 -9 1 0 10 4 83 0
0 1 0 0 1 9 9 10
172 76 138 58 105 82 0 0
0 1 -9 125 0 -9 -9 -9
-9 -9 -9 3 -9 -9 -9 10
5 83 0 1 1 1 -9 1
-9 1 -9 1 1 1 1 1
1 1 -9 -9 name
234 0 46 0 -9 -9 -9
-9 4 138 0 243 -9 0 0
0 -9 1 2 10 26 83 0
0 1 1 0 1 1.8 1 4
152 79 148 80 138 84 1 0
0 2 -9 103 0 -9 -9 -9
-9 -9 -9 3 -9 -9 -9 10
27 83 0 1 1 1 -9 1
-9 1 -9 1 1 1 1 1
1 1 -9 -9 name
235 0 64 0 -9 -9 -9
-9 4 130 0 303 -9 0 0
0 -9 1 0 10 19 83 0
1 1 1 1 1 6.8 6.8 8
122 63 190 76 130 80 0 0
2 2 -9 74 2 -9 -9 -9
-9 -9 -9 3 -9 -9 -9 10
20 83 0 1 1 1 -9 1
-9 1 -9 1 1 1 1 1
1 1 -9 -9 name
236 0 59 1 -9 -9 -9
-9 4 138 1 271 -9 30 31
0 1 1 2 10 25 83 0
0 0 0 0 1 12 -9 13
182 76 194 26 138 90 0 0
0 1 -9 50 0 -9 -9 -9
-9 -9 -9 3 -9 -9 -9 10
26 83 0 1 1 1 -9 1
-9 1 -9 1 1 1 1 1
1 1 -9 -9 name
237 0 41 0 -9 -9 -9
-9 3 112 0 268 -9 50 4
0 -9 0 2 11 9 83 0
0 0 0 0 1 11 9 12
172 94 146 75 112 70 1 0
0 1 -9 102 0 -9 -9 -9
-9 -9 -9 3 -9 -9 -9 11
10 83 0 1 1 1 -9 1
-9 1 -9 1 1 1 1 1
1 1 -9 -9 name
238 0 54 0 -9 -9 -9
-9 3 108 1 267 -9 0 0
0 -9 1 2 11 28 82 0
0 0 0 0 1 4 -9 6
167 102 140 62 108 80 0 0
0 1 -9 55 0 -9 -9 -9
-9 -9 -9 3 -9 -9 -9 11
29 83 0 1 1 1 -9 1
-9 1 -9 1 1 1 1 1
1 1 -9 -9 name
239 0 39 0 -9 -9 -9
-9 3 94 1 199 -9 0 0
0 -9 0 0 11 3 83 0
0 0 0 0 1 10.5 -9 11
179 89 116 58 94 64 0 0
0 1 -9 120 0 -9 -9 -9
-9 -9 -9 3 -9 -9 -9 11
4 83 0 1 1 1 -9 1
-9 1 -9 1 1 1 1 1
1 1 -9 -9 name
240 0 53 1 -9 -9 -9
-9 4 123 0 282 -9 0 0
0 -9 0 0 9 9 83 0
0 1 0 0 1 3 3 4
95 61 98 68 123 85 1 1
2 2 -9 177 2 -9 -9 -9
-9 -9 -9 7 -9 -9 -9 9
12 83 3 1 1 2 -9 2
-9 2 -9 1 2 1 1 1
1 1 -9 -9 name
241 0 63 0 -9 -9 -9
-9 4 108 0 269 -9 0 0
0 -9 0 0 11 10 83 0
0 0 0 0 1 8 8 9
169 58 156 74 108 80 1 0
1.8 2 -9 75 2 -9 -9 -9
-9 -9 -9 3 -9 -9 -9 11
11 83 1 1 1 1 -9 1
-9 1 -9 2 1 1 1 1
1 1 -9 -9 name
242 0 34 0 -9 -9 -9
-9 2 118 1 210 -9 10 15
0 -9 1 0 12 5 83 0
0 0 0 0 1 8 -9 9
192 92 152 78 118 84 0 0
0.7 1 -9 83 0 -9 -9 -9
-9 -9 -9 3 -9 -9 -9 12
6 83 0 1 1 1 -9 1
-9 1 -9 1 1 1 1 1
1 1 -9 -9 name
243 0 47 1 -9 -9 -9
-9 4 112 1 204 -9 20 22
0 -9 1 0 11 30 83 0
0 0 0 0 1 11 -9 12
143 65 176 60 112 68 0 0
0.1 1 -9 115 0 -9 -9 -9
-9 -9 -9 3 -9 -9 -9 12
1 83 0 1 1 1 -9 1
-9 1 -9 1 1 1 1 1
1 1 -9 -9 name
244 0 67 0 -9 -9 -9
-9 3 152 1 277 -9 0 0
0 -9 1 0 10 20 83 0
0 1 0 0 1 6.5 -9 7
172 99 172 80 152 94 0 0
0 1 -9 83 1 -9 -9 -9
-9 -9 -9 3 -9 -9 -9 10
21 83 0 1 1 1 -9 1
-9 1 -9 1 1 1 1 1
1 1 -9 -9 name
245 0 54 1 -9 -9 -9
-9 4 110 1 206 -9 0 0
0 -9 0 2 9 23 83 0
0 1 0 0 1 8 -9 9
108 59 135 70 110 70 1 0
0 2 -9 120 1 -9 -9 -9
-9 -9 -9 3 -9 -9 -9 9
26 83 3 1 1 2 -9 2
-9 1 -9 1 2 1 1 1
6 1 -9 -9 name
246 0 66 1 -9 -9 -9
-9 4 112 1 212 -9 20 35
0 -9 1 2 12 8 83 0
0 0 0 0 1 6.2 -9 7
132 77 180 80 112 90 1 0
0.1 1 -9 60 1 -9 -9 -9
-9 -9 -9 3 -9 -9 -9 12
9 83 2 1 1 1 -9 1
-9 2 -9 2 2 1 1 1
1 1 -9 -9 name
247 0 52 0 -9 -9 -9
-9 3 136 1 196 -9 0 0
0 -9 0 2 12 12 83 0
0 0 0 0 1 9 9 10
169 91 154 90 136 106 0 0
0.1 2 -9 70 0 -9 -9 -9
-9 -9 -9 3 -9 -9 -9 12
13 83 0 1 1 1 -9 1
-9 1 -9 1 1 1 1 1
1 1 -9 -9 name
248 0 55 0 -9 -9 -9
-9 4 180 0 327 -9 15 40
0 -9 1 1 8 12 83 0
0 0 0 0 1 5 -9 5
117 73 200 100 180 110 1 0
3.4 2 -9 252 0 -9 -9 -9
-9 -9 -9 3 -9 -9 -9 8
15 83 2 1 1 1 -9 1
-9 2 -9 2 2 1 1 1
1 1 -9 -9 name
249 0 49 1 -9 -9 -9
-9 3 118 1 149 -9 25 40
0 -9 1 2 11 30 83 0
1 0 0 0 1 8.8 -9 9
126 70 120 68 118 82 0 0
0.8 1 -9 230 3 -9 -9 -9
-9 -9 -9 3 -9 -9 -9 12
1 83 1 1 1 1 -9 1
-9 2 -9 1 1 1 1 1
1 1 -9 -9 name
250 0 74 0 -9 -9 -9
-9 2 120 0 269 -9 0 0
0 -9 1 2 11 29 83 1
0 0 1 1 1 4 3 3
121 75 182 78 120 80 1 0
0.2 1 -9 253 1 -9 -9 -9
-9 -9 -9 3 -9 -9 -9 11
30 83 0 1 1 1 -9 1
-9 1 -9 1 1 1 1 1
1 1 -9 -9 name
251 0 54 0 -9 -9 -9
-9 3 160 0 201 -9 0 0
0 -9 1 0 12 1 83 0
1 0 0 1 1 8 -9 9
163 77 190 110 160 100 0 0
0 1 -9 125 1 -9 -9 -9
-9 -9 -9 3 -9 -9 -9 12
2 83 0 1 1 1 -9 1
-9 1 -9 1 1 1 1 1
1 1 -9 -9 name
252 0 54 1 -9 -9 -9
-9 4 122 0 286 -9 0 0
0 -9 0 2 11 22 83 0
1 1 0 0 1 3.6 3.6 5
116 82 98 68 122 80 1 1
3.2 2 -9 154 2 -9 -9 -9
-9 -9 -9 3 -9 -9 -9 11
23 83 3 1 2 1 -9 1
-9 2 -9 2 1 1 1 5
7 1 -9 -9 name
253 0 56 1 -9 -9 -9
-9 4 130 0 283 -9 20 14
1 -9 1 2 12 14 83 0
1 0 0 0 1 9 6 10
103 66 160 80 130 88 1 0
1.6 3 -9 78 0 -9 -9 -9
-9 -9 -9 7 -9 -9 -9 12
15 83 2 1 1 1 -9 1
-9 2 -9 2 1 1 1 8
7 3 -9 -9 name
254 0 46 1 -9 -9 -9
-9 4 120 1 249 -9 60 20
0 -9 1 2 12 9 83 0
0 0 0 0 1 9.5 -9 10
144 87 135 75 120 85 0 0
0.8 1 -9 24 0 -9 -9 -9
-9 -9 -9 7 -9 -9 -9 12
12 83 1 1 1 1 -9 2
-9 2 -9 1 1 1 1 1
7 2 -9 -9 name
255 0 49 0 -9 -9 -9
-9 2 134 0 271 -9 0 0
0 -9 1 0 1 12 84 0
0 0 0 0 1 8.5 8.5 9
162 63 162 84 134 82 0 0
0 2 -9 90 0 -9 -9 -9
-9 -9 -9 3 -9 -9 -9 1
13 84 0 1 1 1 -9 1
-9 1 -9 1 1 1 1 1
1 1 -9 -9 name
256 0 42 1 -9 -9 -9
-9 2 120 1 295 -9 40 20
0 -9 0 0 9 22 83 0
0 0 0 0 1 10.5 -9 11
162 77 155 68 120 85 0 0
0 1 -9 50 0 -9 -9 -9
-9 -9 -9 3 -9 -9 -9 9
23 83 0 1 1 1 -9 1
-9 1 -9 1 1 1 1 4
3 1 -9 -9 name
257 0 41 1 -9 -9 -9
-9 2 110 0 235 -9 0 0
0 -9 0 0 1 5 84 0
1 0 0 0 1 10 10 11
153 76 190 100 110 66 0 0
0 1 -9 113 0 -9 -9 -9
-9 -9 -9 3 -9 -9 -9 1
6 84 0 1 1 1 -9 1
-9 1 -9 1 1 1 1 1
1 1 -9 -9 name
258 0 41 0 -9 -9 -9
-9 2 126 1 306 -9 0 0
0 -9 1 0 12 8 83 0
0 0 0 0 1 7 -9 8
163 94 140 70 126 90 0 0
0 1 -9 92 0 -9 -9 -9
-9 -9 -9 3 -9 -9 -9 12
9 83 0 1 1 1 -9 1
-9 1 -9 1 1 1 1 1
1 1 -9 -9 name
259 0 49 0 -9 -9 -9
-9 4 130 1 269 -9 30 32
0 -9 1 0 12 13 83 0
0 0 0 0 1 7.5 -9 8
163 70 172 60 130 70 0 0
0 1 -9 80 0 -9 -9 -9
-9 -9 -9 3 -9 -9 -9 12
14 83 0 1 1 1 -9 1
-9 1 -9 1 1 1 1 1
1 1 -9 -9 name
260 0 61 1 -9 -9 -9
-9 1 134 1 234 -9 0 0
0 -9 1 0 1 4 84 0
0 0 0 0 1 8 6 9
145 87 154 60 134 80 0 0
2.6 2 -9 175 2 -9 -9 -9
-9 -9 -9 3 -9 -9 -9 1
11 84 2 1 1 1 -9 2
-9 2 -9 2 2 1 1 1
1 1 -9 -9 name
261 0 60 0 -9 -9 -9
-9 3 120 0 178 -9 0 0
1 1 0 0 10 28 83 0
1 0 0 0 1 7 -9 8
96 59 160 84 120 70 0 0
0 1 -9 130 0 -9 -9 -9
-9 -9 -9 3 -9 -9 -9 10
31 83 0 1 1 1 -9 1
-9 1 -9 1 1 1 1 1
1 1 -9 -9 name
262 0 67 1 -9 -9 -9
-9 4 120 0 237 -9 2 5
0 -9 0 0 1 4 84 0
1 1 1 1 1 6.3 3 7
71 49 92 56 120 68 0 1
1 2 -9 140 0 -9 -9 -9
-9 -9 -9 3 -9 -9 -9 1
5 84 2 1 1 2 -9 2
-9 2 -9 1 1 1 1 1
1 1 -9 -9 name
263 0 58 1 -9 -9 -9
-9 4 100 1 234 -9 40 40
0 -9 1 0 10 21 83 0
0 1 0 0 1 11 -9 12
156 64 170 70 100 70 0 0
0.1 1 -9 115 1 -9 -9 -9
-9 -9 -9 7 -9 -9 -9 10
24 83 2 1 1 2 -9 2
-9 1 -9 1 1 1 1 1
1 1 -9 -9 name
264 0 47 1 -9 -9 -9
-9 4 110 1 275 -9 0 0
0 -9 1 2 12 21 83 0
1 1 0 0 1 7 6 8
118 83 140 77 110 85 1 0
1 2 -9 116 1 -9 -9 -9
-9 -9 -9 3 -9 -9 -9 12
22 83 1 1 1 2 -9 1
-9 1 -9 1 1 1 1 1
1 1 -9 -9 name
265 0 52 1 -9 -9 -9
-9 4 125 0 212 -9 40 25
0 -9 0 0 12 16 83 0
0 0 0 0 1 7.5 7.5 8
168 79 150 70 125 80 0 0
1 1 -9 90 2 -9 -9 -9
-9 -9 -9 7 -9 -9 -9 12
19 83 3 1 2 2 -9 1
-9 2 -9 2 1 1 1 1
1 1 -9 -9 name
266 0 62 1 -9 -9 -9
-9 2 128 1 208 -9 0 0
1 -9 0 2 1 18 84 0
0 0 0 0 1 7 -9 8
140 91 160 70 128 72 0 0
0 1 -9 96 0 -9 -9 -9
-9 -9 -9 3 -9 -9 -9 1
19 84 0 1 1 1 -9 1
-9 1 -9 1 1 1 1 1
1 1 -9 -9 name
267 0 57 1 -9 -9 -9
-9 4 110 0 201 -9 -9 -9
0 -9 1 0 12 20 83 0
1 0 1 0 1 9 9 10
126 56 140 70 110 80 1 0
1.5 2 -9 122 0 -9 -9 -9
-9 -9 -9 6 -9 -9 -9 12
21 83 0 1 1 1 -9 1
-9 1 -9 1 1 1 1 1
1 1 -9 -9 name
268 0 58 1 -9 -9 -9
-9 4 146 0 218 -9 40 20
0 -9 1 0 2 8 84 0
0 0 0 0 1 5.8 5.8 6
105 59 164 80 146 88 0 0
2 2 -9 190 1 -9 -9 -9
-9 -9 -9 7 -9 -9 -9 2
9 84 1 1 2 1 -9 1
-9 1 -9 1 1 1 1 1
1 1 -9 -9 name
269 0 64 1 -9 -9 -9
-9 4 128 0 263 -9 40 35
0 -9 1 0 1 23 84 0
1 1 1 1 1 6 -9 7
105 61 182 82 128 84 1 0
0.2 2 -9 90 1 -9 -9 -9
-9 -9 -9 7 -9 -9 -9 1
24 84 0 1 1 1 -9 1
-9 1 -9 1 1 1 1 1
1 1 -9 -9 name
270 0 51 0 -9 -9 -9
-9 3 120 0 295 -9 0 0
0 -9 0 2 1 31 84 0
1 1 1 0 1 9 6 10
157 80 144 80 120 78 0 0
0.6 1 -9 195 0 -9 -9 -9
-9 -9 -9 3 -9 -9 -9 2
1 84 0 1 1 1 -9 1
-9 1 -9 1 1 1 1 1
1 1 -9 -9 name
271 0 43 1 -9 -9 -9
-9 4 115 1 303 -9 0 0
0 -9 1 0 1 30 84 0
0 0 1 0 1 13 12 14
181 62 180 70 115 80 0 0
1.2 2 -9 166 0 -9 -9 -9
-9 -9 -9 3 -9 -9 -9 1
31 84 0 1 1 1 -9 1
-9 1 -9 1 1 1 1 1
1 1 -9 -9 name
272 0 42 0 -9 -9 -9
-9 3 120 1 209 -9 28 30
0 1 1 0 1 26 84 0
0 1 1 0 1 8.7 -9 10
173 115 160 70 120 72 0 0
0 2 -9 115 0 -9 -9 -9
-9 -9 -9 3 -9 -9 -9 1
27 84 0 1 1 1 -9 1
-9 1 -9 1 1 1 1 1
1 1 -9 -9 name
273 0 67 0 -9 -9 -9
-9 4 106 1 223 -9 20 50
0 -9 0 0 2 6 84 0
0 0 0 0 1 7 7 8
142 96 180 40 106 50 0 0
0.3 1 -9 145 2 -9 -9 -9
-9 -9 -9 3 -9 -9 -9 2
7 84 0 1 1 1 -9 1
-9 1 -9 1 1 1 1 1
1 1 -9 -9 name
274 0 76 0 -9 -9 -9
-9 3 140 0 197 -9 0 0
0 -9 0 1 2 14 84 0
0 0 0 0 1 5.4 5.2 6
116 90 150 78 140 80 0 0
1.1 2 -9 165 0 -9 -9 -9
-9 -9 -9 3 -9 -9 -9 2
15 84 0 1 1 1 -9 1
-9 1 -9 1 1 1 1 1
1 1 -9 -9 name
275 0 70 1 -9 -9 -9
-9 2 156 0 245 -9 0 0
0 -9 1 2 1 3 84 0
0 0 0 1 1 9.5 -9 10
143 79 200 86 156 96 0 0
0 1 -9 110 0 -9 -9 -9
-9 -9 -9 3 -9 -9 -9 1
4 84 0 1 1 1 -9 1
-9 1 -9 1 1 1 1 1
1 1 -9 -9 name
276 0 57 1 -9 -9 -9
-9 2 124 1 261 -9 20 35
0 -9 0 0 12 15 83 0
0 0 0 0 1 7.5 -9 8
141 69 184 78 124 80 0 0
0.3 1 -9 127 0 -9 -9 -9
-9 -9 -9 7 -9 -9 -9 12
8 83 1 1 1 1 -9 1
-9 2 -9 1 1 1 1 1
1 1 -9 -9 name
277 0 44 0 -9 -9 -9
-9 3 118 0 242 -9 20 20
0 -9 1 0 1 20 84 0
1 0 0 0 1 10.3 6 11
149 68 176 78 118 86 0 0
0.3 2 -9 112 1 -9 -9 -9
-9 -9 -9 3 -9 -9 -9 1
21 84 0 1 1 1 -9 1
-9 1 -9 1 1 1 1 1
1 1 -9 -9 name
278 0 58 0 -9 -9 -9
-9 2 136 0 319 -9 10 25
1 1 1 2 11 1 83 0
0 0 0 0 1 10 -9 11
152 80 196 68 136 86 0 0
0 1 -9 115 2 -9 -9 -9
-9 -9 -9 3 -9 -9 -9 11
2 83 3 1 1 2 -9 2
-9 1 -9 1 2 1 1 1
1 1 -9 -9 name
279 0 60 0 -9 -9 -9
-9 1 150 1 240 -9 0 0
0 -9 0 0 3 5 84 0
0 0 0 0 1 9 -9 10
171 75 184 100 150 100 0 0
0.9 1 -9 125 0 -9 -9 -9
-9 -9 -9 3 -9 -9 -9 3
6 84 0 1 1 1 -9 1
-9 1 -9 1 1 1 1 1
1 1 -9 -9 name
280 0 44 1 -9 -9 -9
-9 3 120 0 226 -9 80 4
0 -9 0 0 2 28 84 0
0 0 0 0 1 9.2 -9 10
169 88 176 80 120 90 0 0
0 1 -9 132 0 -9 -9 -9
-9 -9 -9 3 -9 -9 -9 2
29 84 0 1 1 1 -9 1
-9 1 -9 1 1 1 1 1
1 1 -9 -9 name
281 0 61 1 -9 -9 -9
-9 4 138 0 166 -9 40 4
0 -9 1 2 12 12 83 0
0 0 0 0 1 6 5 7
125 70 158 86 138 96 1 0
3.6 2 -9 240 1 -9 -9 -9
-9 -9 -9 3 -9 -9 -9 12
13 83 4 2 1 2 -9 1
-9 2 -9 2 1 1 1 1
5 1 -9 -9 name
282 0 42 1 -9 -9 -9
-9 4 136 0 315 -9 40 18
0 -9 1 0 1 11 84 0
1 0 1 1 1 8 6 9
125 66 170 74 136 80 1 0
1.8 2 -9 200 0 -9 -9 -9
-9 -9 -9 6 -9 -9 -9 1
12 84 2 1 1 1 -9 2
-9 1 -9 2 1 1 1 1
1 1 -9 -9 name
283 0 52 1 -9 -9 -9
-9 4 128 1 204 -9 0 0
1 -9 1 0 2 15 84 0
0 0 0 0 1 9 8.5 10
156 74 180 78 128 80 1 0
1 2 -9 125 0 -9 -9 -9
-9 -9 -9 -9 -9 -9 -9 2
16 84 2 1 1 1 -9 2
-9 2 -9 1 2 1 1 6
5 2 -9 -9 name
284 0 59 1 -9 -9 -9
-9 3 126 0 218 -9 0 0
1 -9 1 0 2 2 84 0
1 0 1 0 1 8 6 9
134 60 190 98 126 85 0 0
2.2 2 -9 145 1 -9 -9 -9
-9 -9 -9 6 -9 -9 -9 2
3 84 2 1 1 2 -9 1
-9 1 -9 2 1 1 1 1
5 1 -9 -9 name
285 0 40 1 -9 -9 -9
-9 4 152 1 223 -9 25 27
0 -9 0 0 2 20 84 0
0 0 0 0 1 12 -9 13
181 58 184 86 152 90 0 0
0 1 -9 85 0 -9 -9 -9
-9 -9 -9 7 -9 -9 -9 2
21 84 1 1 1 2 -9 1
-9 1 -9 1 1 1 1 1
1 1 -9 -9 name
286 0 42 1 -9 -9 -9
-9 3 130 0 180 -9 0 0
0 -9 1 0 3 12 84 0
1 0 0 0 1 11 -9 12
150 51 180 80 130 80 0 0
0 1 -9 135 0 -9 -9 -9
-9 -9 -9 3 -9 -9 -9 3
13 84 0 1 1 1 -9 1
-9 1 -9 1 1 1 1 1
1 1 -9 -9 name
287 0 61 1 -9 -9 -9
-9 4 140 0 207 -9 20 20
0 -9 1 2 3 13 84 0
0 0 0 0 1 9 -9 10
138 72 170 75 140 90 1 0
1.9 1 -9 105 1 -9 -9 -9
-9 -9 -9 7 -9 -9 -9 3
14 84 1 1 1 2 -9 1
-9 1 -9 1 1 1 1 1
1 1 -9 -9 name
288 0 66 1 -9 -9 -9
-9 4 160 0 228 -9 0 0
0 -9 0 2 1 18 84 0
1 0 0 0 1 5.9 3 7
138 81 200 94 160 98 0 0
2.3 1 -9 108 0 -9 -9 -9
-9 -9 -9 6 -9 -9 -9 1
9 84 0 1 1 1 -9 1
-9 1 -9 1 1 1 1 1
1 1 -9 -9 name
289 0 46 1 -9 -9 -9
-9 4 140 1 311 -9 15 25
0 -9 1 0 3 15 84 0
0 0 0 0 1 6.8 3 8
120 89 160 76 140 82 1 0
1.8 2 -9 185 2 -9 -9 -9
-9 -9 -9 7 -9 -9 -9 3
16 84 2 1 1 2 -9 1
-9 1 -9 2 1 1 1 1
7 1 -9 -9 name
290 0 71 0 -9 -9 -9
-9 4 112 1 149 -9 0 0
0 -9 0 0 4 5 84 0
1 0 1 0 1 7 3 8
125 59 140 70 112 78 0 0
1.6 2 -9 41 0 -9 -9 -9
-9 -9 -9 3 -9 -9 -9 4
6 84 0 1 1 1 -9 1
-9 1 -9 1 1 1 1 1
1 1 -9 -9 name
291 0 59 1 -9 -9 -9
-9 1 134 1 204 -9 2 35
0 -9 0 0 4 18 84 0
0 0 0 0 1 13 12 14
162 70 190 80 134 80 0 0
0.8 1 -9 140 2 -9 -9 -9
-9 -9 -9 3 -9 -9 -9 4
19 84 1 1 1 2 -9 1
-9 1 -9 1 1 1 1 1
1 1 -9 -9 name
292 0 64 1 -9 -9 -9
-9 1 170 0 227 -9 0 0
0 -9 0 2 4 2 84 0
0 0 0 0 1 9 3 10
155 84 232 120 170 90 0 0
0.6 2 -9 100 0 -9 -9 -9
-9 -9 -9 7 -9 -9 -9 4
3 84 0 1 1 1 -9 1
-9 1 -9 1 1 1 1 1
1 1 -9 -9 name
293 0 66 0 -9 -9 -9
-9 3 146 0 278 -9 0 0
0 -9 0 2 4 10 84 0
0 1 1 0 1 10.5 -9 11
152 83 156 90 146 70 0 0
0 2 -9 122 1 -9 -9 -9
-9 -9 -9 3 -9 -9 -9 4
11 84 0 1 1 1 -9 1
-9 1 -9 1 1 1 1 1
1 1 -9 -9 name
294 0 39 0 -9 -9 -9
-9 3 138 1 220 -9 20 23
0 -9 0 0 5 8 84 0
0 0 0 0 1 7.3 3 8
152 98 174 80 138 90 0 0
0 2 -9 161 0 -9 -9 -9
-9 -9 -9 3 -9 -9 -9 5
9 84 0 1 1 1 -9 1
-9 1 -9 1 1 1 1 1
1 2 -9 -9 name
295 0 57 1 -9 -9 -9
-9 2 154 0 232 -9 40 35
0 -9 1 2 6 4 84 0
0 0 0 0 1 10.5 -9 12
164 76 200 92 154 98 0 0
0 1 -9 62 1 -9 -9 -9
-9 -9 -9 3 -9 -9 -9 6
5 84 1 1 1 1 -9 2
-9 1 -9 1 1 1 1 1
1 1 -9 -9 name
296 0 58 0 -9 -9 -9
-9 4 130 1 197 -9 0 0
0 -9 1 0 3 28 84 1
1 0 0 0 1 7.5 3 8
131 54 160 70 130 85 0 0
0.6 2 -9 94 0 -9 -9 -9
-9 -9 -9 3 -9 -9 -9 3
29 84 0 1 1 1 -9 1
-9 1 -9 1 1 1 1 1
1 1 -9 -9 name
297 0 57 1 -9 -9 -9
-9 4 110 1 335 -9 20 15
0 -9 1 0 5 3 84 0
0 0 0 0 1 7 3 8
143 62 130 78 110 80 1 0
3 2 -9 91 1 -9 -9 -9
-9 -9 -9 7 -9 -9 -9 5
4 84 2 1 1 1 -9 1
-9 2 -9 1 2 1 1 1
1 1 -9 -9 name
298 0 47 1 -9 -9 -9
-9 3 130 1 253 -9 0 0
0 -9 1 0 5 23 84 0
0 0 0 0 1 9.5 -9 11
179 65 170 82 130 80 0 0
0 1 -9 55 0 -9 -9 -9
-9 -9 -9 3 -9 -9 -9 5
24 84 0 1 1 1 -9 1
-9 1 -9 1 1 1 1 1
1 1 -9 -9 name
299 0 55 0 -9 -9 -9
-9 4 128 0 2044 1 44 1 40 0 0
0.4 0 0 0
0.4 0  0
0 1 -9
0 1 -9
75 8105 1 105 1 18 1018 101881 1-9 3 -9 -9-9 3 -9 -9-  -4
94
94  4          -9 1
-9 1 -9 1   -9 -9 -9
-9 2 12 1 1 22 1 1 22  2   0 751319 -9
-9 9 -9
-9 9  9       -9 -9 -9
-9 4 128 -9 -9 -9
-9 4 128       9
-9 4 -9 -9 -9
-9 -9 -9 7 -9 -9 -9 2-9 -9 -9
-9 -9 -9 7 -9 -9 -9 2-  -    6
89 1 -9 1 1 1 1
1 1 -9 -9  1 7 1 7        -9 -9 -1 2609 -9 12
2-9 -9 -9
-9 3 1-9 -9 -9
-9 3 1-  --9 104 1 234 1 234 0 0 1 12 -
-9 -69 169 16  6-9
-9 -9
-9 -92 7 2  7 2   -9 -9 -9
-9 -9 -9 3 -9 -9 -9  -9 -9 -9
-9 -9 -9 3 -9 -9 -9        1 -9 -9 -9
-9 4 143 8
19 -9 -9
-9 4 1109 -9 -9
-9 4 110971 0 471 0 47  7   -9
-9 -9 -9 7135 135 1  19
-9 3 16 2002 1502 1502  240 9 118 0
0 0 0 0 1 50
0 0 0 0 1 50 1 0 0  1 0 0   name
239 -9
-9 9 -9
-9 9  9    82 0
0 0 0 0 1 610 1 090 139 1 1
16 84 
16 84 
  
    6
136 898 198 19 1 0 8 1 0 8 7 27
115 
115 
  
   2 6 147
1259 1 135 13 2 -9 1183 0
0 0 0 0 83 0
0 0 0 0 8 -9 0 0 8 35
80 80 1e
27e
27e 810 0 0
0 8
1112 0
0 1 110 452 0 -940 1 -9150 80150 801zzz  z3 53 53 0 10  0 10        60 153 4 3 4 3  3   9 309 309  99 16542 99
-9 -9 -91
43 83 0 3 83 0 3  3      120 8120 81-9 1 2 7-9 1 2 7--9 -9
-9 -9 -950 90 06 25 110 0 110 0       2 -9 1
-2 -9 1
-21 1 1 1 1
1 1 1
1 1 -9 -9 n1 1 1
1 1 -9 -9 n1  10 0 0 1 50 0 0 1 5020 0 -9-9 20  1 -9 -9 -9
-9 3 1382 -9-9 9
-9 9
- 84 0 1  84 0 1  3 -9 2050 701 0 1 01 0 1 01-9 -9 -9
-9 4 136-9 -9 -9
-9 4 136-9
1 9
1 92 -9 1 2 1 10 81 0 0 81 0 0  060 360 36  67.5 3.2 09 7 -9 7 -9  980 1 0
0 1
1 1 -7 177 177  70 0
0.2 0 0
0.2 0 24 81 0 0 01 0 0 01  15 -9 5 1 1 1
1 1 - 1 -9 1 1 1 1 1
1 10 80 10 80 10-9 3 --9 3 --  -60 60 60 13    0 1  0 1         1 1
1 1 -9 7
117
1174 0 13 12
4 11 -9 -9 -9
-9 -9 -9 3 -9 -9 -9 1 -9 1
-9 0 55  0 55     -9 0 2 19 -9
-9 4 130 5 0 -9 -9 -8 808 808 30
0  -9 -9 12
6 2 1 1 1
7 2 1 1 1
7  1 32<<<  <
5  26705 64 1 -9  6
891 040 0 1940 0 194 2 -9 22 2 -9 22               60 0  60 0     2116 3 -93 1 -9 -9 n
-9 1 -9 1 1 1 1 1
90 0 -90 0 -92 80 1 1 0 18 1585 15 -9 7 -9 -70 1070 107e
fff -9 -9 name
89 81 0 1  81 0 1     7 17 name
23 name
23     15 1 1 -9 -9 -9
-9 -7 2449494811 1 12 1282 1282  2-9 -9 -9 3 -0 1450 1450  5 8626 84 --9 name
75-9 name
75-  -   58 8658 865  5   4 1 2 0
3 -9 5-9 5--9 name
81 6 2 1 2 1 0 -9 0 0 125 2 1 -9 10 1 -9 10    7 67 671
-9 1 -66 66 6  6   9 1 -9 1 1 1 9 1 -9 1 1 1 9  99.6 1 -9 -9 26 8426 8422 1 -9 -9 -9 -9
-9 -9 -9 7 -9 3 -9 83 -9 830 0
0.2 00 0
0.2 00       0 1 9  -9 1014 685 3 3539 0 680 0
0 0
06363660 1 23   3 7
14-9 -9 -9 12
1-9 20-9 20-  -   51 0 541 -9 1
-9  62 133 13  81 0 1 81 0 1 9 3 9 3 94 1
4 1
4  42242242  28 1 111
182 1355 0 465 0 4659 1 -9 2081 681 6880 71 1 1 1
1 1 -9 1 1 1 1
1 1 -9 1-9 -9 -9 3 -0-9 -9 -9 12
89 169 169  9    -9 name
12 2829 8229 8223 13 0 0 0 1 70 0 0 1 707
167
16781 481 487 854 1 2 9 12 9 12  2-9 1
-9 1 -9 2 158 658 65  5.7 9 3 -9 -99 3 -9 -99 1 -9 -9 name
237
1116 83 16 83 1  11 1 6  125 125     -9 10
17 40  40  1 1 1 1 1
1 11 1 1 1 1
1 11  1      0
0 -9 1 2 1 -9 0 27
111 1 -9 -9 -9
-9 4 3 85 3 85 3  3    1
-9 1 -9 1 1
-9 1 -9 1  81 0 1 1 1 - 81 0 1 1 1 -  81 04 1084 1084  400 1100 110  040e
4650 12 80 0 0 70 0 -9 -9 103 0 -9 -9 -9
3 0 -9 -9 -9
3  3   0
0 -9 1 0 1 1 1 - 234
11 80 0
0 -1 -9 1 04 0 -9 -9 
23 89 -9 -9 6
9 -9 -9 6
94 1 -9 -9 -9
-9 357 -57 -51 1 -9 1 1 1
1 1 1 1 1
1 1 1 -9 1 1 1 1 1
1 1 -9 -90 0
0 1 -4 729 1
-9 1 -9 1 1 1 1 19 1
-9 1 -9 1 1 1 1 19 2 1 0
0 - 0
0 - 
23 8
13165 0 -965 0 -96  6 1 -9 -9 -9
-9 3 138 81 0
1 0 0.7 -9 -9 name
9-9 -9 name
9-  -5 2 -9 26 -26 -2  2   6 0 -9 -6 0 -9 -6  6      9 0 6584 0
1 84 0
1 8  88 -9 4016 8216 8216 788 0 -9 -9 -9
-0 0 0 1 9 -9 130 80 0 130 80 0 1  1
-9 3 1h9 1 -9 -9 -9
-9 3   -9 -9 -9
-9 -9 -9 3 -9 -4 1 1