,Intensity
0,71.61887
1,45.94531
2,49.475536
3,39.589043
4,45.71497
5,30.14922
6,42.827255
7,61.53333
8,70.61494
9,51.05339
10,46.715797
11,89.455666
12,113.43217
13,21.689571
14,43.70888
15,28.40599
16,100.36651
17,70.08851
18,64.21333
19,69.3671
20,44.512463
21,62.679726
22,67.99316
23,52.395477
24,30.00316
25,97.37487
26,47.327015
27,32.43501
28,77.0828
29,82.798515
30,35.258007
31,34.87944
32,66.25233
33,53.005985
34,51.890438
35,46.22228
36,32.007122
37,63.491657
38,52.825214
39,105.15648
40,38.240643
41,41.185146
42,64.73615
43,59.843987
44,54.1882
45,42.735935
46,31.798784
47,49.207485
48,24.194468
49,34.029972
50,41.36781
51,74.04975
52,80.43061
53,41.156284
54,55.965538
55,31.50507
56,53.207233
57,97.23266
58,56.781193
59,108.75396
60,63.57296
61,57.19907
62,41.48225
63,96.45606
64,33.255558
65,128.31746
66,37.307625
67,32.621136
68,42.518936
69,36.391678
70,35.9829
71,49.35403
72,27.270737
73,61.379707
74,36.672264
75,81.98776
76,89.87466
77,36.092907
78,74.42292
79,117.43338
80,58.193745
81,39.517666
82,53.169712
83,44.75455
84,57.423923
85,58.211086
86,49.258884
87,42.797737
88,81.49099
89,47.860474
90,34.38166
91,81.74319
92,45.716763
93,74.361824
94,59.60118
95,58.038284
96,110.3729
97,58.148525
98,84.598785
99,41.506874
100,37.460575
101,34.363987
102,42.981457
103,85.546036
104,29.204247
105,90.56039
106,55.41023
107,49.030025
108,48.392162
109,44.956768
110,41.234966
111,49.811806
112,60.009445
113,45.478992
114,54.83303
115,66.40267
116,86.498634
117,46.18123
118,115.49706
119,53.763767
120,55.850903
121,53.51957
122,66.3275
123,65.30903
124,65.95193
125,54.40707
126,74.2322
127,29.262482
128,86.90426
129,42.89398
130,66.88445
