0 0.073582 0.213821 0.143617 0.235772
0 0.242908 0.208943 0.184397 0.242276
0 0.405142 0.211382 0.147163 0.240650
0 0.566489 0.205691 0.186170 0.248780
0 0.911348 0.210569 0.177305 0.245528
0 0.741135 0.208943 0.177305 0.245528
0 0.088652 0.538211 0.173759 0.256911
0 0.257979 0.533333 0.157801 0.253659
0 0.412234 0.534959 0.157801 0.253659
0 0.575355 0.535772 0.175532 0.258537
0 0.756206 0.535772 0.175532 0.258537
0 0.921986 0.531707 0.156028 0.256911
0 0.108156 0.860976 0.195035 0.271545
0 0.303191 0.864228 0.195035 0.271545
0 0.494681 0.864228 0.195035 0.271545
0 0.684397 0.864228 0.195035 0.271545
0 0.893617 0.864228 0.195035 0.271545
